probability,true_label,species
0.51729065,1.0,Azadirachta indica
0.5461003,1.0,Azadirachta indica
0.53993756,0.0,Azadirachta indica
0.47930396,1.0,Azadirachta indica
0.5121022,1.0,Azadirachta indica
0.5347452,0.0,Azadirachta indica
0.55952674,1.0,Azadirachta indica
0.5046681,0.0,Azadirachta indica
0.5317615,0.0,Azadirachta indica
0.512536,1.0,Azadirachta indica
0.5175612,0.0,Azadirachta indica
0.5355594,0.0,Azadirachta indica
0.5375691,1.0,Azadirachta indica
0.48790142,1.0,Azadirachta indica
0.5063471,0.0,Azadirachta indica
0.50003177,1.0,Azadirachta indica
0.5166864,1.0,Azadirachta indica
0.5063931,0.0,Azadirachta indica
0.51440465,0.0,Azadirachta indica
0.5439883,0.0,Azadirachta indica
0.533928,0.0,Azadirachta indica
0.51058257,1.0,Azadirachta indica
0.53475505,1.0,Azadirachta indica
0.5067186,1.0,Azadirachta indica
0.51199615,0.0,Azadirachta indica
0.5282078,0.0,Azadirachta indica
0.5173461,0.0,Azadirachta indica
0.50834423,0.0,Azadirachta indica
0.5010363,1.0,Azadirachta indica
0.5230918,0.0,Azadirachta indica
0.54800993,1.0,Azadirachta indica
0.5486011,1.0,Azadirachta indica
0.5173974,0.0,Azadirachta indica
0.5033843,0.0,Azadirachta indica
0.5102439,0.0,Azadirachta indica
0.5040316,1.0,Azadirachta indica
0.52993065,0.0,Azadirachta indica
0.5190847,1.0,Azadirachta indica
0.49665377,1.0,Azadirachta indica
0.4943797,0.0,Azadirachta indica
0.5106994,0.0,Azadirachta indica
0.4874876,1.0,Azadirachta indica
0.5130546,0.0,Azadirachta indica
0.5311581,0.0,Azadirachta indica
0.50200695,0.0,Azadirachta indica
0.51514316,0.0,Azadirachta indica
0.49946603,1.0,Azadirachta indica
0.53913206,0.0,Azadirachta indica
0.50421387,0.0,Azadirachta indica
0.50422317,0.0,Azadirachta indica
0.51495194,0.0,Azadirachta indica
0.53583616,0.0,Azadirachta indica
0.5173712,0.0,Azadirachta indica
0.52354485,0.0,Azadirachta indica
0.5014987,0.0,Azadirachta indica
0.51524746,1.0,Azadirachta indica
0.5377515,0.0,Azadirachta indica
0.5245642,0.0,Azadirachta indica
0.5159564,1.0,Azadirachta indica
0.5333268,0.0,Azadirachta indica
0.50707626,1.0,Azadirachta indica
0.566467,0.0,Azadirachta indica
0.4939032,1.0,Azadirachta indica
0.50900626,1.0,Azadirachta indica
0.50355506,0.0,Azadirachta indica
0.5119895,1.0,Azadirachta indica
0.49909553,1.0,Azadirachta indica
0.50380296,0.0,Azadirachta indica
0.5393412,0.0,Azadirachta indica
0.53904426,0.0,Azadirachta indica
0.49736205,0.0,Azadirachta indica
0.50782025,0.0,Azadirachta indica
0.5078012,0.0,Azadirachta indica
0.51410216,0.0,Azadirachta indica
0.50482047,1.0,Azadirachta indica
0.48694572,0.0,Azadirachta indica
0.5222345,0.0,Azadirachta indica
0.52743316,0.0,Azadirachta indica
0.51911825,1.0,Azadirachta indica
0.47903106,1.0,Azadirachta indica
0.50398856,0.0,Azadirachta indica
0.5817109,0.0,Azadirachta indica
0.56072026,1.0,Azadirachta indica
0.52151763,0.0,Azadirachta indica
0.51532817,0.0,Azadirachta indica
0.50813913,0.0,Azadirachta indica
0.5022282,0.0,Azadirachta indica
0.517493,0.0,Azadirachta indica
0.5120628,1.0,Azadirachta indica
0.5081345,1.0,Azadirachta indica
0.52669996,0.0,Azadirachta indica
0.54794747,1.0,Azadirachta indica
0.52046114,0.0,Azadirachta indica
0.5260099,0.0,Azadirachta indica
0.50158185,1.0,Azadirachta indica
0.5252039,1.0,Azadirachta indica
0.5023361,1.0,Azadirachta indica
0.51311815,1.0,Azadirachta indica
0.5254452,0.0,Azadirachta indica
0.49040493,1.0,Azadirachta indica
0.50361824,0.0,Azadirachta indica
0.503469,1.0,Azadirachta indica
0.50746346,0.0,Azadirachta indica
0.48451927,0.0,Azadirachta indica
0.515897,0.0,Azadirachta indica
0.5100993,1.0,Azadirachta indica
0.5342413,0.0,Azadirachta indica
0.51095843,1.0,Azadirachta indica
0.53552485,0.0,Azadirachta indica
0.52025414,0.0,Azadirachta indica
0.50335056,0.0,Azadirachta indica
0.5068355,1.0,Azadirachta indica
0.507785,0.0,Azadirachta indica
0.5114058,0.0,Azadirachta indica
0.506408,1.0,Azadirachta indica
0.53590244,0.0,Azadirachta indica
0.55285513,0.0,Azadirachta indica
0.49648574,0.0,Azadirachta indica
0.5009645,1.0,Azadirachta indica
0.5254474,0.0,Azadirachta indica
0.53136164,0.0,Azadirachta indica
0.5254414,1.0,Azadirachta indica
0.5196805,0.0,Azadirachta indica
0.515685,0.0,Azadirachta indica
0.49077794,1.0,Azadirachta indica
0.51763946,0.0,Azadirachta indica
0.5015994,0.0,Azadirachta indica
0.51567733,0.0,Azadirachta indica
0.5406745,0.0,Azadirachta indica
0.51068544,1.0,Azadirachta indica
0.50760245,0.0,Azadirachta indica
0.49790287,0.0,Azadirachta indica
0.51556987,0.0,Azadirachta indica
0.52007854,0.0,Azadirachta indica
0.5508515,0.0,Azadirachta indica
0.51473033,0.0,Azadirachta indica
0.53122514,0.0,Azadirachta indica
0.51664674,0.0,Azadirachta indica
0.51359016,0.0,Azadirachta indica
0.5478006,0.0,Azadirachta indica
0.53067344,1.0,Azadirachta indica
0.5262748,0.0,Azadirachta indica
0.56221884,1.0,Azadirachta indica
0.5331648,1.0,Azadirachta indica
0.53641707,0.0,Azadirachta indica
0.52030486,0.0,Azadirachta indica
0.5397264,1.0,Azadirachta indica
0.51824343,1.0,Azadirachta indica
0.5202632,1.0,Azadirachta indica
0.52308047,0.0,Azadirachta indica
0.5289343,0.0,Azadirachta indica
0.5016166,0.0,Azadirachta indica
0.5197263,1.0,Azadirachta indica
0.50048405,1.0,Azadirachta indica
0.54215056,0.0,Azadirachta indica
0.5283311,0.0,Azadirachta indica
0.5054628,0.0,Azadirachta indica
0.5225239,0.0,Azadirachta indica
0.50807464,1.0,Azadirachta indica
0.4937776,0.0,Azadirachta indica
0.5455518,0.0,Azadirachta indica
0.52818936,0.0,Azadirachta indica
0.49702504,1.0,Azadirachta indica
0.49173215,0.0,Azadirachta indica
0.5031981,1.0,Azadirachta indica
0.49765086,0.0,Azadirachta indica
0.5155614,0.0,Azadirachta indica
0.5227889,1.0,Azadirachta indica
0.51969045,0.0,Azadirachta indica
0.51104766,1.0,Azadirachta indica
0.5104401,0.0,Azadirachta indica
0.50003016,0.0,Azadirachta indica
0.51623154,0.0,Azadirachta indica
0.48829645,0.0,Azadirachta indica
0.53609955,0.0,Azadirachta indica
0.51173913,0.0,Azadirachta indica
0.4783265,1.0,Azadirachta indica
0.5184282,0.0,Azadirachta indica
0.5017149,0.0,Azadirachta indica
0.52613586,0.0,Azadirachta indica
0.51395893,1.0,Azadirachta indica
0.50882614,0.0,Azadirachta indica
0.5113769,0.0,Azadirachta indica
0.5319964,0.0,Azadirachta indica
0.5018642,1.0,Azadirachta indica
0.5278911,0.0,Azadirachta indica
0.51295674,1.0,Azadirachta indica
0.4983672,1.0,Azadirachta indica
0.51810724,0.0,Azadirachta indica
0.51368916,0.0,Azadirachta indica
0.5283113,0.0,Azadirachta indica
0.5985001,1.0,Azadirachta indica
0.5033402,1.0,Azadirachta indica
0.5179645,1.0,Azadirachta indica
0.529278,0.0,Azadirachta indica
0.54081523,0.0,Azadirachta indica
0.5304438,0.0,Azadirachta indica
0.5073337,0.0,Azadirachta indica
0.5252316,0.0,Azadirachta indica
0.50431436,0.0,Azadirachta indica
0.5147931,0.0,Azadirachta indica
0.4785406,0.0,Azadirachta indica
0.49196872,0.0,Azadirachta indica
0.4988051,0.0,Azadirachta indica
0.50698924,0.0,Azadirachta indica
0.5252462,1.0,Azadirachta indica
0.507371,0.0,Azadirachta indica
0.5111689,0.0,Azadirachta indica
0.5215707,0.0,Azadirachta indica
0.5154419,0.0,Azadirachta indica
0.50246936,0.0,Azadirachta indica
0.5100097,0.0,Azadirachta indica
0.5376142,0.0,Azadirachta indica
0.5080958,0.0,Azadirachta indica
0.5744781,1.0,Azadirachta indica
0.5284925,0.0,Azadirachta indica
0.5356979,0.0,Azadirachta indica
0.55544865,0.0,Azadirachta indica
0.51797944,1.0,Azadirachta indica
0.53507906,1.0,Azadirachta indica
0.51991737,0.0,Azadirachta indica
0.4989646,1.0,Azadirachta indica
0.5065652,1.0,Azadirachta indica
0.49690628,0.0,Azadirachta indica
0.5267278,0.0,Azadirachta indica
0.506186,1.0,Azadirachta indica
0.49988952,0.0,Azadirachta indica
0.52053756,1.0,Azadirachta indica
0.52168316,0.0,Azadirachta indica
0.51870006,0.0,Azadirachta indica
0.524266,0.0,Azadirachta indica
0.5109427,0.0,Azadirachta indica
0.50732374,1.0,Azadirachta indica
0.5813115,0.0,Azadirachta indica
0.51364976,0.0,Azadirachta indica
0.5034578,1.0,Azadirachta indica
0.5036531,0.0,Azadirachta indica
0.52479106,0.0,Azadirachta indica
0.52805567,1.0,Azadirachta indica
0.5067028,0.0,Azadirachta indica
0.5308022,1.0,Azadirachta indica
0.5183797,0.0,Azadirachta indica
0.53660446,0.0,Azadirachta indica
0.5128925,1.0,Azadirachta indica
0.4995925,1.0,Azadirachta indica
0.51764035,1.0,Azadirachta indica
0.5195339,1.0,Azadirachta indica
0.5207332,0.0,Azadirachta indica
0.5403169,0.0,Azadirachta indica
0.5093125,1.0,Azadirachta indica
0.5146615,1.0,Azadirachta indica
0.49474195,1.0,Azadirachta indica
0.5383417,0.0,Azadirachta indica
0.5184935,0.0,Azadirachta indica
0.5022506,0.0,Azadirachta indica
0.50882846,0.0,Azadirachta indica
0.4859237,1.0,Azadirachta indica
0.4832146,0.0,Azadirachta indica
0.5530908,0.0,Azadirachta indica
0.52842057,0.0,Azadirachta indica
0.52497566,1.0,Azadirachta indica
0.52154225,1.0,Azadirachta indica
0.50092304,1.0,Azadirachta indica
0.5118097,0.0,Azadirachta indica
0.52133554,0.0,Azadirachta indica
0.51414794,1.0,Azadirachta indica
0.49463314,1.0,Azadirachta indica
0.51227194,0.0,Azadirachta indica
0.5277459,1.0,Azadirachta indica
0.51803166,0.0,Azadirachta indica
0.490302,0.0,Azadirachta indica
0.5002906,1.0,Azadirachta indica
0.5336411,1.0,Azadirachta indica
0.5398368,1.0,Azadirachta indica
0.509006,0.0,Azadirachta indica
0.50018126,1.0,Azadirachta indica
0.57657886,1.0,Azadirachta indica
0.4974667,0.0,Azadirachta indica
0.5250929,1.0,Azadirachta indica
0.5051272,0.0,Azadirachta indica
0.5145659,0.0,Azadirachta indica
0.5061331,1.0,Azadirachta indica
0.55097276,1.0,Azadirachta indica
0.5124732,0.0,Azadirachta indica
0.53500587,0.0,Azadirachta indica
0.53449446,1.0,Azadirachta indica
0.52250695,0.0,Azadirachta indica
0.5167291,1.0,Azadirachta indica
0.5192582,1.0,Azadirachta indica
0.53075886,0.0,Azadirachta indica
0.5325467,1.0,Azadirachta indica
0.4925651,1.0,Azadirachta indica
0.51563966,0.0,Azadirachta indica
0.53853464,0.0,Azadirachta indica
0.5488338,0.0,Azadirachta indica
0.51476014,1.0,Azadirachta indica
0.5139202,0.0,Azadirachta indica
0.53529054,1.0,Azadirachta indica
0.5191971,1.0,Azadirachta indica
0.51412153,0.0,Azadirachta indica
0.52374566,1.0,Azadirachta indica
0.51437813,0.0,Azadirachta indica
0.509565,0.0,Azadirachta indica
0.49851397,1.0,Azadirachta indica
0.5418719,0.0,Azadirachta indica
0.5298462,1.0,Azadirachta indica
0.50570375,0.0,Azadirachta indica
0.53719157,0.0,Azadirachta indica
0.50345844,1.0,Azadirachta indica
0.53108114,1.0,Azadirachta indica
0.51815486,1.0,Azadirachta indica
0.52735674,1.0,Azadirachta indica
0.5025676,1.0,Azadirachta indica
0.51870996,0.0,Azadirachta indica
0.5168847,1.0,Azadirachta indica
0.53642076,0.0,Azadirachta indica
0.5145971,0.0,Azadirachta indica
0.4854024,0.0,Azadirachta indica
0.5021954,1.0,Azadirachta indica
0.5088952,0.0,Azadirachta indica
0.50661194,0.0,Azadirachta indica
0.5199018,0.0,Azadirachta indica
0.55374926,1.0,Azadirachta indica
0.49433804,1.0,Azadirachta indica
0.5166127,1.0,Azadirachta indica
0.52839947,0.0,Azadirachta indica
0.5054666,0.0,Azadirachta indica
0.5276267,1.0,Azadirachta indica
0.5083054,1.0,Azadirachta indica
0.5474304,0.0,Azadirachta indica
0.5100614,0.0,Azadirachta indica
0.49659148,1.0,Azadirachta indica
0.53558135,0.0,Azadirachta indica
0.52589864,1.0,Azadirachta indica
0.52705485,0.0,Azadirachta indica
0.5177499,1.0,Azadirachta indica
0.51764417,0.0,Azadirachta indica
0.5230018,0.0,Azadirachta indica
0.5294285,0.0,Azadirachta indica
0.524898,0.0,Azadirachta indica
0.5135975,1.0,Azadirachta indica
0.50064427,1.0,Azadirachta indica
0.5093429,1.0,Azadirachta indica
0.50046474,0.0,Azadirachta indica
0.51089495,0.0,Azadirachta indica
0.53568614,0.0,Azadirachta indica
0.529436,0.0,Azadirachta indica
0.51852614,0.0,Azadirachta indica
0.52961004,0.0,Azadirachta indica
0.52212614,0.0,Azadirachta indica
0.52023363,0.0,Azadirachta indica
0.511104,0.0,Azadirachta indica
0.50113994,0.0,Azadirachta indica
0.5252525,0.0,Azadirachta indica
0.49265614,0.0,Azadirachta indica
0.52020687,0.0,Azadirachta indica
0.5190173,0.0,Azadirachta indica
0.5368905,1.0,Azadirachta indica
0.5188239,1.0,Azadirachta indica
0.5188106,0.0,Azadirachta indica
0.5247657,0.0,Azadirachta indica
0.48814264,0.0,Azadirachta indica
0.50082076,0.0,Azadirachta indica
0.50024635,1.0,Azadirachta indica
0.5324922,1.0,Azadirachta indica
0.49172983,0.0,Azadirachta indica
0.54078436,0.0,Azadirachta indica
0.5119757,1.0,Azadirachta indica
0.5425561,0.0,Azadirachta indica
0.5174267,0.0,Azadirachta indica
0.46454197,0.0,Azadirachta indica
0.509847,1.0,Azadirachta indica
0.5299769,1.0,Azadirachta indica
0.55376357,1.0,Azadirachta indica
0.51316714,1.0,Azadirachta indica
0.49894223,1.0,Azadirachta indica
0.5016836,0.0,Azadirachta indica
0.52895945,0.0,Azadirachta indica
0.53807795,0.0,Azadirachta indica
0.5268183,0.0,Azadirachta indica
0.539098,1.0,Azadirachta indica
0.5219862,0.0,Azadirachta indica
0.5100702,0.0,Azadirachta indica
0.51474816,1.0,Azadirachta indica
0.49830145,1.0,Azadirachta indica
0.5239928,0.0,Azadirachta indica
0.49918997,0.0,Azadirachta indica
0.54161143,0.0,Azadirachta indica
0.53161484,0.0,Azadirachta indica
0.5045689,0.0,Azadirachta indica
0.50395465,0.0,Azadirachta indica
0.49809867,1.0,Azadirachta indica
0.49373546,0.0,Azadirachta indica
0.5018669,0.0,Azadirachta indica
0.53554374,0.0,Azadirachta indica
0.48401526,0.0,Azadirachta indica
0.52554816,0.0,Azadirachta indica
0.51254845,0.0,Azadirachta indica
0.5284625,0.0,Azadirachta indica
0.5344136,0.0,Azadirachta indica
0.5241074,0.0,Azadirachta indica
0.51911783,0.0,Azadirachta indica
0.4945439,1.0,Azadirachta indica
0.510553,1.0,Azadirachta indica
0.49521306,0.0,Azadirachta indica
0.51369005,0.0,Azadirachta indica
0.5288003,1.0,Azadirachta indica
0.50336045,1.0,Azadirachta indica
0.53550303,0.0,Azadirachta indica
0.5078066,0.0,Azadirachta indica
0.5143091,0.0,Azadirachta indica
0.51861745,0.0,Azadirachta indica
0.50699204,0.0,Azadirachta indica
0.52389467,0.0,Azadirachta indica
0.51609457,1.0,Azadirachta indica
0.50571513,0.0,Azadirachta indica
0.5064605,0.0,Azadirachta indica
0.5243724,0.0,Azadirachta indica
0.5196402,0.0,Azadirachta indica
0.5036768,1.0,Azadirachta indica
0.5164461,1.0,Azadirachta indica
0.5181599,1.0,Azadirachta indica
0.51113564,0.0,Azadirachta indica
0.56083286,1.0,Azadirachta indica
0.52590066,0.0,Azadirachta indica
0.54328096,0.0,Azadirachta indica
0.47901946,0.0,Azadirachta indica
0.5255552,1.0,Azadirachta indica
0.5175118,0.0,Azadirachta indica
0.5287197,1.0,Azadirachta indica
0.529172,0.0,Azadirachta indica
0.51395905,0.0,Azadirachta indica
0.4756082,0.0,Azadirachta indica
0.49496993,0.0,Azadirachta indica
0.5315876,0.0,Azadirachta indica
0.5201135,0.0,Azadirachta indica
0.49569753,0.0,Azadirachta indica
0.51780415,1.0,Azadirachta indica
0.50172937,0.0,Azadirachta indica
0.5233563,0.0,Azadirachta indica
0.5027127,0.0,Azadirachta indica
0.5305808,0.0,Azadirachta indica
0.5316729,1.0,Azadirachta indica
0.51324224,1.0,Azadirachta indica
0.50768226,1.0,Azadirachta indica
0.52400565,1.0,Azadirachta indica
0.51491714,0.0,Azadirachta indica
0.51507723,0.0,Azadirachta indica
0.5086074,0.0,Azadirachta indica
0.5298559,1.0,Azadirachta indica
0.50661194,0.0,Azadirachta indica
0.5235841,0.0,Azadirachta indica
0.49943867,0.0,Azadirachta indica
0.53457654,0.0,Azadirachta indica
0.48528773,0.0,Azadirachta indica
0.5329806,0.0,Azadirachta indica
0.50502414,0.0,Azadirachta indica
0.4819706,1.0,Azadirachta indica
0.51750004,1.0,Azadirachta indica
0.53888375,1.0,Azadirachta indica
0.53828114,0.0,Azadirachta indica
0.5433007,1.0,Azadirachta indica
0.5413002,0.0,Azadirachta indica
0.49074176,0.0,Azadirachta indica
0.51404446,0.0,Azadirachta indica
0.5190462,0.0,Azadirachta indica
0.5391809,1.0,Azadirachta indica
0.5320579,0.0,Azadirachta indica
0.5695761,1.0,Azadirachta indica
0.5246463,0.0,Azadirachta indica
0.4872115,0.0,Azadirachta indica
0.4966137,0.0,Azadirachta indica
0.51929957,1.0,Azadirachta indica
0.51376295,0.0,Azadirachta indica
0.5053132,0.0,Azadirachta indica
0.58121014,0.0,Azadirachta indica
0.522403,1.0,Azadirachta indica
0.5171178,1.0,Azadirachta indica
0.53089935,0.0,Azadirachta indica
0.51786786,0.0,Azadirachta indica
0.50499403,1.0,Azadirachta indica
0.50523967,1.0,Azadirachta indica
0.54657954,0.0,Azadirachta indica
0.53084373,0.0,Azadirachta indica
0.5062261,0.0,Azadirachta indica
0.5512213,0.0,Azadirachta indica
0.51462865,0.0,Azadirachta indica
0.48562947,0.0,Azadirachta indica
0.5009617,0.0,Azadirachta indica
0.5087498,0.0,Azadirachta indica
0.5031889,0.0,Azadirachta indica
0.52490056,0.0,Azadirachta indica
0.5378013,0.0,Azadirachta indica
0.5228118,0.0,Azadirachta indica
0.4750878,0.0,Azadirachta indica
0.52792275,1.0,Azadirachta indica
0.49959466,1.0,Azadirachta indica
0.54715717,1.0,Azadirachta indica
0.49631324,0.0,Azadirachta indica
0.53064007,1.0,Azadirachta indica
0.5188377,1.0,Azadirachta indica
0.4882915,1.0,Azadirachta indica
0.5117428,1.0,Azadirachta indica
0.54426205,1.0,Azadirachta indica
0.5259976,1.0,Azadirachta indica
0.5328875,0.0,Azadirachta indica
0.5227906,0.0,Azadirachta indica
0.46589604,1.0,Azadirachta indica
0.53191376,0.0,Azadirachta indica
0.50057316,1.0,Azadirachta indica
0.54208183,1.0,Azadirachta indica
0.5270386,0.0,Azadirachta indica
0.51456076,1.0,Azadirachta indica
0.5227906,0.0,Azadirachta indica
0.5310219,0.0,Azadirachta indica
0.519032,1.0,Azadirachta indica
0.514063,1.0,Azadirachta indica
0.5129867,0.0,Azadirachta indica
0.5022112,0.0,Azadirachta indica
0.51233923,0.0,Azadirachta indica
0.526993,0.0,Azadirachta indica
0.5093314,1.0,Azadirachta indica
0.5143455,0.0,Azadirachta indica
0.5272943,0.0,Azadirachta indica
0.50391024,1.0,Azadirachta indica
0.5124261,0.0,Azadirachta indica
0.52117133,1.0,Azadirachta indica
0.536209,1.0,Azadirachta indica
0.51901025,0.0,Azadirachta indica
0.52247614,0.0,Azadirachta indica
0.52912056,1.0,Azadirachta indica
0.5028041,0.0,Azadirachta indica
0.5268406,0.0,Azadirachta indica
0.50355506,0.0,Azadirachta indica
0.5305889,0.0,Azadirachta indica
0.5183288,0.0,Azadirachta indica
0.49329582,0.0,Azadirachta indica
0.50546205,1.0,Azadirachta indica
0.52454644,1.0,Azadirachta indica
0.5032064,1.0,Azadirachta indica
0.5380977,0.0,Azadirachta indica
0.5471635,1.0,Azadirachta indica
0.484672,1.0,Azadirachta indica
0.515726,1.0,Azadirachta indica
0.5173469,1.0,Azadirachta indica
0.5043377,0.0,Azadirachta indica
0.52357167,0.0,Azadirachta indica
0.51599926,0.0,Azadirachta indica
0.49181488,0.0,Azadirachta indica
0.5280136,0.0,Azadirachta indica
0.5203364,1.0,Azadirachta indica
0.55676544,0.0,Azadirachta indica
0.5185015,0.0,Azadirachta indica
0.55065405,0.0,Azadirachta indica
0.494137,0.0,Azadirachta indica
0.4997761,0.0,Azadirachta indica
0.50823504,0.0,Azadirachta indica
0.50874716,0.0,Azadirachta indica
0.53425914,0.0,Azadirachta indica
0.50101,0.0,Azadirachta indica
0.49269283,0.0,Azadirachta indica
0.53832984,0.0,Azadirachta indica
0.52342963,0.0,Azadirachta indica
0.5154493,0.0,Azadirachta indica
0.5043879,1.0,Azadirachta indica
0.50002754,0.0,Azadirachta indica
0.527342,0.0,Azadirachta indica
0.511226,0.0,Azadirachta indica
0.52836937,1.0,Azadirachta indica
0.5292015,0.0,Azadirachta indica
0.50909,1.0,Azadirachta indica
0.4974673,1.0,Azadirachta indica
0.51641524,1.0,Azadirachta indica
0.47740513,0.0,Azadirachta indica
0.511202,1.0,Azadirachta indica
0.49674404,1.0,Azadirachta indica
0.53787565,0.0,Azadirachta indica
0.5255425,0.0,Azadirachta indica
0.52375543,1.0,Azadirachta indica
0.5111545,0.0,Azadirachta indica
0.5022275,0.0,Azadirachta indica
0.53412116,0.0,Azadirachta indica
0.50770926,0.0,Azadirachta indica
0.4988757,0.0,Azadirachta indica
0.5269666,1.0,Azadirachta indica
0.5486537,0.0,Azadirachta indica
0.51757133,0.0,Azadirachta indica
0.5474128,0.0,Azadirachta indica
0.5139246,0.0,Azadirachta indica
0.5425487,1.0,Azadirachta indica
0.5175969,1.0,Azadirachta indica
0.5027858,1.0,Azadirachta indica
0.5025703,1.0,Azadirachta indica
0.51299113,0.0,Azadirachta indica
0.5135481,1.0,Azadirachta indica
0.5003879,1.0,Azadirachta indica
0.49634865,1.0,Azadirachta indica
0.51931775,0.0,Azadirachta indica
0.4887822,0.0,Azadirachta indica
0.50595194,0.0,Azadirachta indica
0.5431772,0.0,Azadirachta indica
0.48677346,0.0,Azadirachta indica
0.51838326,1.0,Azadirachta indica
0.5072367,1.0,Azadirachta indica
0.5179474,1.0,Azadirachta indica
0.5248241,1.0,Azadirachta indica
0.5043053,1.0,Azadirachta indica
0.49518406,0.0,Azadirachta indica
0.5306297,0.0,Azadirachta indica
0.54517853,0.0,Azadirachta indica
0.5066407,1.0,Azadirachta indica
0.526362,1.0,Azadirachta indica
0.51618224,1.0,Azadirachta indica
0.5117711,1.0,Azadirachta indica
0.5066353,1.0,Azadirachta indica
0.5458603,1.0,Azadirachta indica
0.52598524,0.0,Azadirachta indica
0.52430874,0.0,Azadirachta indica
0.54454505,0.0,Azadirachta indica
0.5104418,1.0,Azadirachta indica
0.52507967,0.0,Azadirachta indica
0.5392454,1.0,Azadirachta indica
0.5062231,0.0,Azadirachta indica
0.51448035,0.0,Azadirachta indica
0.505735,1.0,Azadirachta indica
0.5103573,0.0,Azadirachta indica
0.5339805,0.0,Azadirachta indica
0.5178496,0.0,Azadirachta indica
0.50857484,1.0,Azadirachta indica
0.5409718,1.0,Azadirachta indica
0.5293613,1.0,Azadirachta indica
0.5097408,0.0,Azadirachta indica
0.52440023,0.0,Azadirachta indica
0.51918334,0.0,Azadirachta indica
0.4800527,1.0,Azadirachta indica
0.5163862,1.0,Azadirachta indica
0.5009617,0.0,Azadirachta indica
0.4912556,1.0,Azadirachta indica
0.53627694,1.0,Azadirachta indica
0.5051651,0.0,Azadirachta indica
0.50274754,0.0,Azadirachta indica
0.53255403,1.0,Azadirachta indica
0.5022107,0.0,Azadirachta indica
0.53173375,0.0,Azadirachta indica
0.5081399,1.0,Azadirachta indica
0.5250873,1.0,Azadirachta indica
0.53585243,1.0,Azadirachta indica
0.51454926,0.0,Azadirachta indica
0.50340766,1.0,Azadirachta indica
0.52360696,0.0,Azadirachta indica
0.48980123,1.0,Azadirachta indica
0.51109725,0.0,Azadirachta indica
0.50735176,0.0,Azadirachta indica
0.5391947,0.0,Azadirachta indica
0.50348705,0.0,Azadirachta indica
0.49748713,1.0,Azadirachta indica
0.5222486,0.0,Azadirachta indica
0.52499735,1.0,Azadirachta indica
0.51803297,1.0,Azadirachta indica
0.5441507,0.0,Azadirachta indica
0.515809,0.0,Azadirachta indica
0.5046226,1.0,Azadirachta indica
0.50805676,1.0,Azadirachta indica
0.50944716,0.0,Azadirachta indica
0.49712014,1.0,Azadirachta indica
0.51418066,0.0,Azadirachta indica
0.51313734,0.0,Azadirachta indica
0.50905836,0.0,Azadirachta indica
0.51186234,0.0,Azadirachta indica
0.5105428,0.0,Azadirachta indica
0.49804395,0.0,Azadirachta indica
0.51131433,0.0,Azadirachta indica
0.50997454,0.0,Azadirachta indica
0.51952034,0.0,Azadirachta indica
0.55144674,1.0,Azadirachta indica
0.51462036,0.0,Azadirachta indica
0.538787,0.0,Azadirachta indica
0.49929243,1.0,Azadirachta indica
0.51340246,1.0,Azadirachta indica
0.5112933,1.0,Azadirachta indica
0.5188705,1.0,Azadirachta indica
0.5140887,0.0,Azadirachta indica
0.5063961,0.0,Azadirachta indica
0.5035581,1.0,Azadirachta indica
0.5009488,0.0,Azadirachta indica
0.5211248,0.0,Azadirachta indica
0.5073357,1.0,Azadirachta indica
0.51397365,0.0,Azadirachta indica
0.5164239,1.0,Azadirachta indica
0.5050101,1.0,Azadirachta indica
0.51541835,1.0,Azadirachta indica
0.508533,0.0,Azadirachta indica
0.53877693,0.0,Azadirachta indica
0.52248967,1.0,Azadirachta indica
0.52419835,0.0,Azadirachta indica
0.53100514,0.0,Azadirachta indica
0.4481093,0.0,Azadirachta indica
0.50193197,1.0,Azadirachta indica
0.50656223,0.0,Azadirachta indica
0.48561952,0.0,Azadirachta indica
0.515987,0.0,Azadirachta indica
0.55800676,0.0,Azadirachta indica
0.5299342,1.0,Azadirachta indica
0.56450975,0.0,Azadirachta indica
0.5387072,1.0,Azadirachta indica
0.48819852,0.0,Azadirachta indica
0.5183759,1.0,Azadirachta indica
0.7226565,0.0,Azadirachta indica
0.5057194,0.0,Azadirachta indica
0.54601645,0.0,Azadirachta indica
0.51751626,0.0,Azadirachta indica
0.5529968,1.0,Azadirachta indica
0.50556695,0.0,Azadirachta indica
0.5189906,0.0,Azadirachta indica
0.52307135,0.0,Azadirachta indica
0.526676,0.0,Azadirachta indica
0.49600142,0.0,Azadirachta indica
0.50606835,0.0,Azadirachta indica
0.511232,0.0,Azadirachta indica
0.5081251,1.0,Azadirachta indica
0.5354081,1.0,Azadirachta indica
0.5327997,0.0,Azadirachta indica
0.5007082,0.0,Azadirachta indica
0.52408993,0.0,Azadirachta indica
0.5326641,0.0,Azadirachta indica
0.5128403,1.0,Azadirachta indica
0.5259155,0.0,Azadirachta indica
0.5408995,1.0,Azadirachta indica
0.5605703,1.0,Azadirachta indica
0.5407534,0.0,Azadirachta indica
0.5336176,0.0,Azadirachta indica
0.53849894,0.0,Azadirachta indica
0.48821867,0.0,Azadirachta indica
0.5241774,0.0,Azadirachta indica
0.5348122,0.0,Azadirachta indica
0.5230744,1.0,Azadirachta indica
0.4865235,1.0,Azadirachta indica
0.52995145,1.0,Azadirachta indica
0.512648,0.0,Azadirachta indica
0.4913075,1.0,Azadirachta indica
0.4756162,0.0,Azadirachta indica
0.50004894,1.0,Azadirachta indica
0.55723554,0.0,Azadirachta indica
0.4561274,0.0,Azadirachta indica
0.49310362,1.0,Azadirachta indica
0.52442384,0.0,Azadirachta indica
0.5181818,1.0,Azadirachta indica
0.5155595,0.0,Azadirachta indica
0.49640483,0.0,Azadirachta indica
0.4793337,0.0,Azadirachta indica
0.4911745,0.0,Azadirachta indica
0.51685715,0.0,Azadirachta indica
0.51535106,0.0,Azadirachta indica
0.5308473,0.0,Azadirachta indica
0.50213534,1.0,Azadirachta indica
0.50608927,0.0,Azadirachta indica
0.49874964,0.0,Azadirachta indica
0.52478164,0.0,Azadirachta indica
0.492853,0.0,Azadirachta indica
0.51241606,0.0,Azadirachta indica
0.52881587,0.0,Azadirachta indica
0.51159066,0.0,Azadirachta indica
0.5181132,0.0,Azadirachta indica
0.5214501,1.0,Azadirachta indica
0.5590196,1.0,Azadirachta indica
0.52288425,0.0,Azadirachta indica
0.51801157,0.0,Azadirachta indica
0.51976293,0.0,Azadirachta indica
0.5104685,1.0,Azadirachta indica
0.531999,0.0,Azadirachta indica
0.5295876,1.0,Azadirachta indica
0.50494176,0.0,Azadirachta indica
0.5117292,0.0,Azadirachta indica
0.5487877,0.0,Azadirachta indica
0.49367428,0.0,Azadirachta indica
0.5373741,1.0,Azadirachta indica
0.5025246,0.0,Azadirachta indica
0.52787817,1.0,Azadirachta indica
0.5202095,1.0,Azadirachta indica
0.50415325,0.0,Azadirachta indica
0.5003929,0.0,Azadirachta indica
0.5873272,1.0,Azadirachta indica
0.52863854,1.0,Azadirachta indica
0.4970488,0.0,Azadirachta indica
0.5062054,0.0,Azadirachta indica
0.5234654,0.0,Azadirachta indica
0.4749986,1.0,Azadirachta indica
0.51780915,1.0,Azadirachta indica
0.519197,1.0,Azadirachta indica
0.5531029,0.0,Azadirachta indica
0.52397525,0.0,Azadirachta indica
0.5318158,0.0,Azadirachta indica
0.51304865,0.0,Azadirachta indica
0.49547857,1.0,Azadirachta indica
0.5178999,0.0,Azadirachta indica
0.5084753,0.0,Azadirachta indica
0.5239009,1.0,Azadirachta indica
0.49914068,0.0,Azadirachta indica
0.5206111,0.0,Azadirachta indica
0.50293696,0.0,Azadirachta indica
0.52084225,0.0,Azadirachta indica
0.51144576,0.0,Azadirachta indica
0.51009995,0.0,Azadirachta indica
0.51211107,1.0,Azadirachta indica
0.53159446,0.0,Azadirachta indica
0.5168952,1.0,Azadirachta indica
0.4826026,1.0,Azadirachta indica
0.51199055,0.0,Azadirachta indica
0.49610648,0.0,Azadirachta indica
0.5437625,1.0,Azadirachta indica
0.5088024,0.0,Azadirachta indica
0.51392764,0.0,Azadirachta indica
0.48445615,0.0,Azadirachta indica
0.5331388,0.0,Azadirachta indica
0.49953765,0.0,Azadirachta indica
0.5138524,1.0,Azadirachta indica
0.52722275,1.0,Azadirachta indica
0.54457605,0.0,Azadirachta indica
0.49277243,1.0,Azadirachta indica
0.54111856,0.0,Azadirachta indica
0.4962419,0.0,Azadirachta indica
0.48019987,0.0,Azadirachta indica
0.51620984,1.0,Azadirachta indica
0.5122347,0.0,Azadirachta indica
0.5039654,0.0,Azadirachta indica
0.5043213,1.0,Azadirachta indica
0.52827924,1.0,Azadirachta indica
0.51632094,0.0,Azadirachta indica
0.50843966,1.0,Azadirachta indica
0.49579597,1.0,Azadirachta indica
0.5247203,0.0,Azadirachta indica
0.5300986,0.0,Azadirachta indica
0.5111314,0.0,Azadirachta indica
0.5137061,1.0,Azadirachta indica
0.51443726,0.0,Azadirachta indica
0.5250176,1.0,Azadirachta indica
0.53211373,1.0,Azadirachta indica
0.5313166,0.0,Azadirachta indica
0.50206167,0.0,Azadirachta indica
0.49493104,1.0,Azadirachta indica
0.5076089,0.0,Azadirachta indica
0.48693922,1.0,Azadirachta indica
0.5066086,1.0,Azadirachta indica
0.51613724,0.0,Azadirachta indica
0.51282597,1.0,Azadirachta indica
0.5115294,0.0,Azadirachta indica
0.5305319,0.0,Azadirachta indica
0.50668615,1.0,Azadirachta indica
0.5138623,0.0,Azadirachta indica
0.52611333,0.0,Azadirachta indica
0.52023214,0.0,Azadirachta indica
0.5427081,0.0,Azadirachta indica
0.50592935,0.0,Azadirachta indica
0.51718634,0.0,Azadirachta indica
0.53263277,1.0,Azadirachta indica
0.5100036,0.0,Azadirachta indica
0.49989977,1.0,Azadirachta indica
0.5030415,0.0,Azadirachta indica
0.5404145,0.0,Azadirachta indica
0.5476048,0.0,Azadirachta indica
0.51611745,0.0,Azadirachta indica
0.50185037,1.0,Azadirachta indica
0.5087906,0.0,Azadirachta indica
0.51075244,0.0,Azadirachta indica
0.53793764,1.0,Azadirachta indica
0.50770265,0.0,Azadirachta indica
0.5080969,0.0,Azadirachta indica
0.5333593,0.0,Azadirachta indica
0.52204955,0.0,Azadirachta indica
0.52499795,0.0,Azadirachta indica
0.5131341,0.0,Azadirachta indica
0.52331746,1.0,Azadirachta indica
0.5174135,0.0,Azadirachta indica
0.46523997,1.0,Azadirachta indica
0.51188976,1.0,Azadirachta indica
0.51413494,0.0,Azadirachta indica
0.5423937,0.0,Azadirachta indica
0.50454086,0.0,Azadirachta indica
0.52516073,0.0,Azadirachta indica
0.51242685,0.0,Azadirachta indica
0.51511186,1.0,Azadirachta indica
0.5099731,0.0,Azadirachta indica
0.5267167,0.0,Azadirachta indica
0.52277654,1.0,Azadirachta indica
0.5073672,0.0,Azadirachta indica
0.49544236,1.0,Azadirachta indica
0.50822264,0.0,Azadirachta indica
0.49291795,1.0,Azadirachta indica
0.5228746,1.0,Azadirachta indica
0.5186333,0.0,Azadirachta indica
0.5400789,0.0,Azadirachta indica
0.4943287,0.0,Azadirachta indica
0.5212235,0.0,Azadirachta indica
0.5013375,0.0,Azadirachta indica
0.5290005,1.0,Azadirachta indica
0.5365247,0.0,Azadirachta indica
0.50351065,1.0,Azadirachta indica
0.49087507,0.0,Azadirachta indica
0.49870962,0.0,Azadirachta indica
0.5391989,0.0,Azadirachta indica
0.5197662,0.0,Azadirachta indica
0.51318437,0.0,Azadirachta indica
0.5446911,0.0,Azadirachta indica
0.51601213,0.0,Azadirachta indica
0.5279908,0.0,Azadirachta indica
0.5031981,1.0,Azadirachta indica
0.51133186,0.0,Azadirachta indica
0.51807773,1.0,Azadirachta indica
0.51279485,1.0,Azadirachta indica
0.52964777,0.0,Azadirachta indica
0.50840837,0.0,Azadirachta indica
0.51599216,0.0,Azadirachta indica
0.5156732,0.0,Azadirachta indica
0.50749207,0.0,Azadirachta indica
0.53641105,0.0,Azadirachta indica
0.52710176,0.0,Azadirachta indica
0.50216967,1.0,Azadirachta indica
0.45873606,1.0,Azadirachta indica
0.51533747,0.0,Azadirachta indica
0.51465684,0.0,Azadirachta indica
0.5362708,0.0,Azadirachta indica
0.5108958,1.0,Azadirachta indica
0.56519324,1.0,Azadirachta indica
0.5147006,0.0,Azadirachta indica
0.5355594,0.0,Azadirachta indica
0.5258,0.0,Azadirachta indica
0.5064607,0.0,Azadirachta indica
0.5310072,0.0,Azadirachta indica
0.5231793,1.0,Azadirachta indica
0.5335592,0.0,Azadirachta indica
0.50637394,0.0,Azadirachta indica
0.53138775,0.0,Azadirachta indica
0.51118827,1.0,Azadirachta indica
0.5011033,0.0,Azadirachta indica
0.51819384,0.0,Azadirachta indica
0.5384047,0.0,Azadirachta indica
0.5343974,0.0,Azadirachta indica
0.51666164,0.0,Azadirachta indica
0.5266833,0.0,Azadirachta indica
0.5097477,1.0,Azadirachta indica
0.49100947,0.0,Azadirachta indica
0.510872,0.0,Azadirachta indica
0.5266913,0.0,Azadirachta indica
0.4970544,1.0,Azadirachta indica
0.5095239,0.0,Azadirachta indica
0.49877205,1.0,Azadirachta indica
0.53176427,0.0,Azadirachta indica
0.50904536,1.0,Azadirachta indica
0.50291455,0.0,Azadirachta indica
0.516268,1.0,Azadirachta indica
0.5002669,0.0,Azadirachta indica
0.5393954,0.0,Azadirachta indica
0.49184468,0.0,Azadirachta indica
0.5122597,0.0,Azadirachta indica
0.50834507,0.0,Azadirachta indica
0.5263793,0.0,Azadirachta indica
0.56454676,0.0,Azadirachta indica
0.50879437,0.0,Azadirachta indica
0.5237241,0.0,Azadirachta indica
0.50409895,1.0,Azadirachta indica
0.5181732,0.0,Azadirachta indica
0.53421956,0.0,Azadirachta indica
0.5385126,1.0,Azadirachta indica
0.5403423,0.0,Azadirachta indica
0.5138154,0.0,Azadirachta indica
0.50601375,0.0,Azadirachta indica
0.50872314,0.0,Azadirachta indica
0.5084594,0.0,Azadirachta indica
0.503473,0.0,Azadirachta indica
0.5180443,0.0,Azadirachta indica
0.5179443,0.0,Azadirachta indica
0.55310875,0.0,Azadirachta indica
0.5144224,0.0,Azadirachta indica
0.52055013,1.0,Azadirachta indica
0.51336294,0.0,Azadirachta indica
0.4965031,1.0,Azadirachta indica
0.530761,0.0,Azadirachta indica
0.5367616,0.0,Azadirachta indica
0.5423175,1.0,Azadirachta indica
0.5041663,0.0,Azadirachta indica
0.49269074,1.0,Azadirachta indica
0.5128173,1.0,Azadirachta indica
0.53591585,1.0,Azadirachta indica
0.5386828,1.0,Azadirachta indica
0.5112892,1.0,Azadirachta indica
0.5360583,0.0,Azadirachta indica
0.5078291,0.0,Azadirachta indica
0.5089248,1.0,Azadirachta indica
0.5158944,0.0,Azadirachta indica
0.50133824,1.0,Azadirachta indica
0.5121634,1.0,Azadirachta indica
0.50123787,1.0,Azadirachta indica
0.49978396,1.0,Azadirachta indica
0.49234197,1.0,Azadirachta indica
0.50510395,0.0,Azadirachta indica
0.50961447,1.0,Azadirachta indica
0.50802696,0.0,Azadirachta indica
0.5149959,0.0,Azadirachta indica
0.5222649,0.0,Azadirachta indica
0.49700758,0.0,Azadirachta indica
0.4930816,0.0,Azadirachta indica
0.5042291,0.0,Azadirachta indica
0.5094617,1.0,Azadirachta indica
0.50550604,0.0,Azadirachta indica
0.513889,0.0,Azadirachta indica
0.50354004,1.0,Azadirachta indica
0.56003654,0.0,Azadirachta indica
0.5243208,1.0,Azadirachta indica
0.5128243,0.0,Azadirachta indica
0.53029686,0.0,Azadirachta indica
0.50558406,1.0,Azadirachta indica
0.51276267,1.0,Azadirachta indica
0.5084766,0.0,Azadirachta indica
0.4047002,0.0,Azadirachta indica
0.52234614,0.0,Azadirachta indica
0.5037277,0.0,Azadirachta indica
0.49750543,0.0,Azadirachta indica
0.51615477,1.0,Azadirachta indica
0.51142424,0.0,Azadirachta indica
0.52527803,1.0,Azadirachta indica
0.5386355,1.0,Azadirachta indica
0.5293285,1.0,Azadirachta indica
0.52589256,1.0,Azadirachta indica
0.54808956,1.0,Azadirachta indica
0.509961,0.0,Azadirachta indica
0.5120001,1.0,Azadirachta indica
0.51368916,0.0,Azadirachta indica
0.4832929,1.0,Azadirachta indica
0.5356853,0.0,Azadirachta indica
0.5100903,1.0,Azadirachta indica
0.5157138,1.0,Azadirachta indica
0.51457334,1.0,Azadirachta indica
0.5231865,0.0,Azadirachta indica
0.5000717,0.0,Azadirachta indica
0.513429,0.0,Azadirachta indica
0.5235289,1.0,Azadirachta indica
0.51504177,1.0,Azadirachta indica
0.50557387,1.0,Azadirachta indica
0.5339516,1.0,Azadirachta indica
0.5042184,1.0,Azadirachta indica
0.52498907,0.0,Azadirachta indica
0.5135078,0.0,Azadirachta indica
0.4683383,1.0,Azadirachta indica
0.5142251,0.0,Azadirachta indica
0.50090134,0.0,Azadirachta indica
0.4832191,0.0,Azadirachta indica
0.5098725,0.0,Azadirachta indica
0.53729075,0.0,Azadirachta indica
0.5192859,0.0,Azadirachta indica
0.5088857,0.0,Azadirachta indica
0.5196093,0.0,Azadirachta indica
0.5439196,0.0,Azadirachta indica
0.5123739,0.0,Azadirachta indica
0.5350575,1.0,Azadirachta indica
0.5113849,1.0,Azadirachta indica
0.5087589,1.0,Azadirachta indica
0.52840656,0.0,Azadirachta indica
0.51201,1.0,Azadirachta indica
0.51687765,0.0,Azadirachta indica
0.52848935,1.0,Azadirachta indica
0.52206326,0.0,Azadirachta indica
0.5194385,0.0,Azadirachta indica
0.52223027,0.0,Azadirachta indica
0.5013057,0.0,Azadirachta indica
0.5167358,0.0,Azadirachta indica
0.51939684,1.0,Azadirachta indica
0.54248995,1.0,Azadirachta indica
0.5396887,1.0,Azadirachta indica
0.51631135,0.0,Azadirachta indica
0.513678,0.0,Azadirachta indica
0.5103512,0.0,Azadirachta indica
0.55096626,1.0,Azadirachta indica
0.531345,0.0,Azadirachta indica
0.5103571,0.0,Azadirachta indica
0.52161396,0.0,Azadirachta indica
0.56741285,1.0,Azadirachta indica
0.51971364,0.0,Azadirachta indica
0.5278621,0.0,Azadirachta indica
0.514228,1.0,Azadirachta indica
0.52834946,1.0,Azadirachta indica
0.51155275,0.0,Azadirachta indica
0.52377445,0.0,Azadirachta indica
0.50510925,0.0,Azadirachta indica
0.52038795,0.0,Azadirachta indica
0.50324935,0.0,Azadirachta indica
0.5028975,0.0,Azadirachta indica
0.5194887,0.0,Azadirachta indica
0.49346182,0.0,Azadirachta indica
0.5046534,0.0,Azadirachta indica
0.4848645,1.0,Azadirachta indica
0.5007542,1.0,Azadirachta indica
0.5371587,1.0,Azadirachta indica
0.51163626,0.0,Azadirachta indica
0.41610777,0.0,Azadirachta indica
0.50661135,0.0,Azadirachta indica
0.50822204,0.0,Azadirachta indica
0.5374064,0.0,Azadirachta indica
0.51453406,0.0,Azadirachta indica
0.50380665,1.0,Azadirachta indica
0.5045446,1.0,Azadirachta indica
0.5021398,0.0,Azadirachta indica
0.5422991,1.0,Azadirachta indica
0.5151101,0.0,Azadirachta indica
0.49888182,1.0,Azadirachta indica
0.5063223,0.0,Azadirachta indica
0.5129561,1.0,Azadirachta indica
0.5121535,0.0,Azadirachta indica
0.51838845,1.0,Azadirachta indica
0.50882393,0.0,Azadirachta indica
0.5209403,0.0,Azadirachta indica
0.5555565,0.0,Azadirachta indica
0.5536072,0.0,Azadirachta indica
0.55638754,0.0,Azadirachta indica
0.49849975,1.0,Azadirachta indica
0.50065863,1.0,Azadirachta indica
0.517022,0.0,Azadirachta indica
0.5403258,1.0,Azadirachta indica
0.5272009,0.0,Azadirachta indica
0.49507523,1.0,Azadirachta indica
0.54176635,1.0,Azadirachta indica
0.50880146,0.0,Azadirachta indica
0.41610777,0.0,Azadirachta indica
0.58885765,0.0,Azadirachta indica
0.49527818,0.0,Azadirachta indica
0.51745397,1.0,Azadirachta indica
0.51342523,0.0,Azadirachta indica
0.5242674,1.0,Azadirachta indica
0.50308156,0.0,Azadirachta indica
0.52819544,1.0,Azadirachta indica
0.51365787,0.0,Azadirachta indica
0.5040323,0.0,Azadirachta indica
0.508336,1.0,Azadirachta indica
0.5110875,0.0,Azadirachta indica
0.47558835,0.0,Azadirachta indica
0.4898471,0.0,Azadirachta indica
0.5226833,0.0,Azadirachta indica
0.5120456,1.0,Azadirachta indica
0.51957583,1.0,Azadirachta indica
0.518698,1.0,Azadirachta indica
0.5266222,1.0,Azadirachta indica
0.50052863,1.0,Azadirachta indica
0.49838543,1.0,Azadirachta indica
0.5138945,1.0,Azadirachta indica
0.50724024,0.0,Azadirachta indica
0.5068454,0.0,Azadirachta indica
0.50893444,1.0,Azadirachta indica
0.517525,1.0,Azadirachta indica
0.4927561,0.0,Azadirachta indica
0.5065631,1.0,Azadirachta indica
0.5046525,0.0,Azadirachta indica
0.51197976,1.0,Azadirachta indica
0.51766187,1.0,Azadirachta indica
0.5292354,1.0,Azadirachta indica
0.51028395,0.0,Azadirachta indica
0.44468665,0.0,Azadirachta indica
0.5267847,1.0,Azadirachta indica
0.54118156,0.0,Azadirachta indica
0.5035496,1.0,Azadirachta indica
0.49342024,1.0,Azadirachta indica
0.49441513,0.0,Azadirachta indica
0.5185191,0.0,Azadirachta indica
0.49778405,1.0,Azadirachta indica
0.5116342,1.0,Azadirachta indica
0.52425295,1.0,Azadirachta indica
0.49497157,0.0,Azadirachta indica
0.52011776,0.0,Azadirachta indica
0.5283755,0.0,Azadirachta indica
0.544962,0.0,Azadirachta indica
0.51349914,0.0,Azadirachta indica
0.5536782,0.0,Azadirachta indica
0.5235662,0.0,Azadirachta indica
0.53693223,0.0,Azadirachta indica
0.50738794,0.0,Azadirachta indica
0.5039876,0.0,Azadirachta indica
0.52097523,0.0,Azadirachta indica
0.5054666,0.0,Azadirachta indica
0.50400096,0.0,Azadirachta indica
0.5332714,0.0,Azadirachta indica
0.51196426,0.0,Azadirachta indica
0.5151515,0.0,Azadirachta indica
0.5101462,0.0,Azadirachta indica
0.51153225,1.0,Azadirachta indica
0.5482522,0.0,Azadirachta indica
0.5026888,0.0,Azadirachta indica
0.5206273,1.0,Azadirachta indica
0.52388257,1.0,Azadirachta indica
0.5266259,1.0,Azadirachta indica
0.4997324,1.0,Azadirachta indica
0.52746123,1.0,Azadirachta indica
0.5295409,1.0,Azadirachta indica
0.52107257,1.0,Azadirachta indica
0.4929196,0.0,Azadirachta indica
0.540673,1.0,Azadirachta indica
0.52907366,1.0,Azadirachta indica
0.5207609,0.0,Azadirachta indica
0.50506425,0.0,Azadirachta indica
0.4974673,0.0,Azadirachta indica
0.47211057,0.0,Azadirachta indica
0.4983593,0.0,Azadirachta indica
0.5221831,0.0,Azadirachta indica
0.5185171,1.0,Azadirachta indica
0.5239296,0.0,Azadirachta indica
0.5268274,0.0,Azadirachta indica
0.51024055,0.0,Azadirachta indica
0.545359,1.0,Azadirachta indica
0.53650784,1.0,Azadirachta indica
0.51192486,0.0,Azadirachta indica
0.51663405,0.0,Azadirachta indica
0.5317615,0.0,Azadirachta indica
0.545023,1.0,Azadirachta indica
0.5539121,1.0,Azadirachta indica
0.5181837,0.0,Azadirachta indica
0.4992626,0.0,Azadirachta indica
0.5159193,0.0,Azadirachta indica
0.5073885,0.0,Azadirachta indica
0.5374888,0.0,Azadirachta indica
0.5433355,0.0,Azadirachta indica
0.51347774,0.0,Azadirachta indica
0.5287392,0.0,Azadirachta indica
0.5251279,0.0,Azadirachta indica
0.50387514,0.0,Azadirachta indica
0.51046175,1.0,Azadirachta indica
0.50551,1.0,Azadirachta indica
0.59987587,0.0,Azadirachta indica
0.52358854,0.0,Azadirachta indica
0.46038395,1.0,Azadirachta indica
0.5227986,0.0,Azadirachta indica
0.5158812,1.0,Azadirachta indica
0.530821,0.0,Azadirachta indica
0.5019174,0.0,Azadirachta indica
0.46038395,1.0,Azadirachta indica
0.51084524,0.0,Azadirachta indica
0.51987153,1.0,Azadirachta indica
0.518793,0.0,Azadirachta indica
0.51978445,1.0,Azadirachta indica
0.5281266,1.0,Azadirachta indica
0.5245758,0.0,Azadirachta indica
0.4986708,0.0,Azadirachta indica
0.5301818,0.0,Azadirachta indica
0.50144666,1.0,Azadirachta indica
0.5214973,1.0,Azadirachta indica
0.52307713,1.0,Azadirachta indica
0.5079506,1.0,Azadirachta indica
0.49993467,0.0,Azadirachta indica
0.51406676,0.0,Azadirachta indica
0.51404446,0.0,Azadirachta indica
0.52462226,1.0,Azadirachta indica
0.5322036,1.0,Azadirachta indica
0.5049834,1.0,Azadirachta indica
0.51369005,0.0,Azadirachta indica
0.49549785,0.0,Azadirachta indica
0.52141553,1.0,Azadirachta indica
0.52410704,0.0,Azadirachta indica
0.49362686,0.0,Azadirachta indica
0.51185256,0.0,Azadirachta indica
0.5260201,1.0,Azadirachta indica
0.5454862,0.0,Azadirachta indica
0.508204,0.0,Azadirachta indica
0.52637357,1.0,Azadirachta indica
0.51302564,1.0,Azadirachta indica
0.5041111,0.0,Azadirachta indica
0.47435227,0.0,Azadirachta indica
0.5101027,0.0,Azadirachta indica
0.5303046,1.0,Azadirachta indica
0.5354235,1.0,Azadirachta indica
0.48977056,0.0,Azadirachta indica
0.5296618,1.0,Azadirachta indica
0.5080346,1.0,Azadirachta indica
0.5078532,1.0,Azadirachta indica
0.557573,0.0,Azadirachta indica
0.50497645,0.0,Azadirachta indica
0.50566643,1.0,Azadirachta indica
0.5189711,0.0,Azadirachta indica
0.5435941,1.0,Azadirachta indica
0.5038315,0.0,Azadirachta indica
0.49992263,1.0,Azadirachta indica
0.519693,0.0,Azadirachta indica
0.52040607,1.0,Azadirachta indica
0.5459594,0.0,Azadirachta indica
0.48508853,0.0,Azadirachta indica
0.50109786,1.0,Azadirachta indica
0.5278122,0.0,Azadirachta indica
0.5458977,0.0,Azadirachta indica
0.4937318,1.0,Azadirachta indica
0.52116615,1.0,Azadirachta indica
0.49326357,1.0,Azadirachta indica
0.50805026,0.0,Azadirachta indica
0.5407534,1.0,Azadirachta indica
0.50837004,0.0,Azadirachta indica
0.50213605,1.0,Azadirachta indica
0.5113156,1.0,Azadirachta indica
0.5225725,0.0,Azadirachta indica
0.50842786,0.0,Azadirachta indica
0.519521,1.0,Azadirachta indica
0.53694504,1.0,Azadirachta indica
0.5066757,1.0,Azadirachta indica
0.5352319,1.0,Azadirachta indica
0.5297628,1.0,Azadirachta indica
0.4612771,0.0,Azadirachta indica
0.529662,1.0,Azadirachta indica
0.50132906,0.0,Azadirachta indica
0.5127901,1.0,Azadirachta indica
0.5034252,0.0,Azadirachta indica
0.50636655,0.0,Azadirachta indica
0.53674203,0.0,Azadirachta indica
0.5146843,1.0,Azadirachta indica
0.5722591,0.0,Azadirachta indica
0.53441525,0.0,Azadirachta indica
0.5175842,1.0,Azadirachta indica
0.5180375,1.0,Azadirachta indica
0.4872115,0.0,Azadirachta indica
0.5118698,0.0,Azadirachta indica
0.5128152,0.0,Azadirachta indica
0.50994986,1.0,Azadirachta indica
0.5087066,0.0,Azadirachta indica
0.5447238,0.0,Azadirachta indica
0.514595,0.0,Azadirachta indica
0.5132993,0.0,Azadirachta indica
0.5164651,0.0,Azadirachta indica
0.5164991,1.0,Azadirachta indica
0.9182812,0.0,Azadirachta indica
0.5168775,0.0,Azadirachta indica
0.519693,0.0,Azadirachta indica
0.50774574,0.0,Azadirachta indica
0.5003337,1.0,Azadirachta indica
0.4994853,0.0,Azadirachta indica
0.51425755,0.0,Azadirachta indica
0.48484406,0.0,Azadirachta indica
0.4895787,0.0,Azadirachta indica
0.52398586,1.0,Azadirachta indica
0.524367,1.0,Azadirachta indica
0.49463314,1.0,Azadirachta indica
0.52967274,1.0,Azadirachta indica
0.49279207,0.0,Azadirachta indica
0.510088,0.0,Azadirachta indica
0.5175491,0.0,Azadirachta indica
0.49311268,0.0,Azadirachta indica
0.5088883,0.0,Azadirachta indica
0.5263396,0.0,Azadirachta indica
0.5056372,0.0,Azadirachta indica
0.51311815,1.0,Azadirachta indica
0.5530638,1.0,Azadirachta indica
0.5273737,0.0,Azadirachta indica
0.50763613,1.0,Azadirachta indica
0.51573706,0.0,Azadirachta indica
0.5220316,1.0,Azadirachta indica
0.54020864,1.0,Azadirachta indica
0.5289266,1.0,Azadirachta indica
0.51976454,0.0,Azadirachta indica
0.5335795,0.0,Azadirachta indica
0.507144,0.0,Azadirachta indica
0.53750896,1.0,Azadirachta indica
0.53691936,0.0,Azadirachta indica
0.52509856,1.0,Azadirachta indica
0.49278674,0.0,Azadirachta indica
0.50765955,0.0,Azadirachta indica
0.4968508,1.0,Azadirachta indica
0.53770375,1.0,Azadirachta indica
0.5268404,0.0,Azadirachta indica
0.5002147,1.0,Azadirachta indica
0.49495113,1.0,Azadirachta indica
0.5164734,0.0,Azadirachta indica
0.53017294,1.0,Azadirachta indica
0.5291314,1.0,Azadirachta indica
0.54268354,0.0,Azadirachta indica
0.5205054,1.0,Azadirachta indica
0.4866387,0.0,Azadirachta indica
0.5105457,0.0,Azadirachta indica
0.52048254,0.0,Azadirachta indica
0.49827918,1.0,Azadirachta indica
0.5155408,1.0,Azadirachta indica
0.52104056,0.0,Azadirachta indica
0.47388244,0.0,Azadirachta indica
0.5014819,0.0,Azadirachta indica
0.5192915,0.0,Azadirachta indica
0.524175,0.0,Azadirachta indica
0.49297103,1.0,Azadirachta indica
0.50938,0.0,Azadirachta indica
0.472462,1.0,Azadirachta indica
0.51923376,0.0,Azadirachta indica
0.53331107,1.0,Azadirachta indica
0.48229095,0.0,Azadirachta indica
0.5280136,0.0,Azadirachta indica
0.51814306,1.0,Azadirachta indica
0.48576328,0.0,Azadirachta indica
0.51841307,0.0,Azadirachta indica
0.5064203,1.0,Azadirachta indica
0.50093526,1.0,Azadirachta indica
0.53591794,1.0,Azadirachta indica
0.50676507,0.0,Azadirachta indica
0.5180831,0.0,Azadirachta indica
0.52012974,0.0,Azadirachta indica
0.4997172,0.0,Azadirachta indica
0.5138442,0.0,Azadirachta indica
0.54101175,1.0,Azadirachta indica
0.50055885,0.0,Azadirachta indica
0.49694622,0.0,Azadirachta indica
0.52750456,1.0,Azadirachta indica
0.549143,0.0,Azadirachta indica
0.5310515,1.0,Azadirachta indica
0.50890416,1.0,Azadirachta indica
0.51760525,0.0,Azadirachta indica
0.5172602,0.0,Azadirachta indica
0.5356738,0.0,Azadirachta indica
0.50577056,1.0,Azadirachta indica
0.48864758,1.0,Azadirachta indica
0.5023659,0.0,Azadirachta indica
0.5217511,0.0,Azadirachta indica
0.4898153,0.0,Azadirachta indica
0.5102444,0.0,Azadirachta indica
0.54964644,0.0,Azadirachta indica
0.5031308,0.0,Azadirachta indica
0.517897,1.0,Azadirachta indica
0.5024219,1.0,Azadirachta indica
0.4919299,1.0,Azadirachta indica
0.5311252,0.0,Azadirachta indica
0.5179933,0.0,Azadirachta indica
0.52697843,1.0,Azadirachta indica
0.50722986,1.0,Azadirachta indica
0.49484065,0.0,Azadirachta indica
0.5138031,0.0,Azadirachta indica
0.5059266,1.0,Azadirachta indica
0.53702873,0.0,Azadirachta indica
0.5217744,1.0,Azadirachta indica
0.52179706,0.0,Azadirachta indica
0.48318285,1.0,Azadirachta indica
0.51994616,0.0,Azadirachta indica
0.5329919,0.0,Azadirachta indica
0.5345869,0.0,Azadirachta indica
0.53631204,1.0,Azadirachta indica
0.5208484,1.0,Azadirachta indica
0.5189151,0.0,Azadirachta indica
0.5191954,0.0,Azadirachta indica
0.5208546,0.0,Azadirachta indica
0.5109492,1.0,Azadirachta indica
0.5164835,0.0,Azadirachta indica
0.5192673,0.0,Azadirachta indica
0.5144723,0.0,Azadirachta indica
0.5089483,0.0,Azadirachta indica
0.5149401,1.0,Azadirachta indica
0.5487757,0.0,Azadirachta indica
0.5356513,1.0,Azadirachta indica
0.53288776,0.0,Azadirachta indica
0.5148519,1.0,Azadirachta indica
0.5403398,0.0,Azadirachta indica
0.5045351,0.0,Azadirachta indica
0.52132446,1.0,Azadirachta indica
0.5236458,1.0,Azadirachta indica
0.5115595,0.0,Azadirachta indica
0.5143508,1.0,Azadirachta indica
0.50197977,1.0,Azadirachta indica
0.5037914,0.0,Azadirachta indica
0.53967035,0.0,Azadirachta indica
0.5067837,1.0,Azadirachta indica
0.5125144,0.0,Azadirachta indica
0.50663525,0.0,Azadirachta indica
0.51794785,0.0,Azadirachta indica
0.5112958,1.0,Azadirachta indica
0.53040457,0.0,Azadirachta indica
0.4947552,0.0,Azadirachta indica
0.5252452,1.0,Azadirachta indica
0.51401913,1.0,Azadirachta indica
0.5090214,0.0,Azadirachta indica
0.5282584,1.0,Azadirachta indica
0.5039313,0.0,Azadirachta indica
0.5109271,0.0,Azadirachta indica
0.5022777,1.0,Azadirachta indica
0.508553,1.0,Azadirachta indica
0.50722945,1.0,Azadirachta indica
0.52532333,1.0,Azadirachta indica
0.569914,0.0,Azadirachta indica
0.5124361,0.0,Azadirachta indica
0.50780714,0.0,Azadirachta indica
0.51276267,1.0,Azadirachta indica
0.52720684,1.0,Azadirachta indica
0.5211971,0.0,Azadirachta indica
0.5437421,0.0,Azadirachta indica
0.533702,0.0,Azadirachta indica
0.51386994,1.0,Azadirachta indica
0.52306336,0.0,Azadirachta indica
0.5235569,1.0,Azadirachta indica
0.5129478,1.0,Azadirachta indica
0.53455764,0.0,Azadirachta indica
0.5089596,0.0,Azadirachta indica
0.51303005,0.0,Azadirachta indica
0.54321784,0.0,Azadirachta indica
0.5015893,1.0,Azadirachta indica
0.51186174,0.0,Azadirachta indica
0.52530223,1.0,Azadirachta indica
0.5063446,0.0,Azadirachta indica
0.5366401,0.0,Azadirachta indica
0.48915642,0.0,Azadirachta indica
0.52769977,0.0,Azadirachta indica
0.5228172,0.0,Azadirachta indica
0.5149104,0.0,Azadirachta indica
0.5087426,0.0,Azadirachta indica
0.52185243,0.0,Azadirachta indica
0.5137716,0.0,Azadirachta indica
0.51064485,0.0,Azadirachta indica
0.51398844,1.0,Azadirachta indica
0.5565213,0.0,Azadirachta indica
0.49492916,0.0,Azadirachta indica
0.5464707,0.0,Azadirachta indica
0.50775856,0.0,Azadirachta indica
0.550707,0.0,Azadirachta indica
0.5287724,0.0,Azadirachta indica
0.5076317,0.0,Azadirachta indica
0.4999067,1.0,Azadirachta indica
0.5447524,1.0,Azadirachta indica
0.5325081,0.0,Azadirachta indica
0.53588164,0.0,Azadirachta indica
0.5201551,0.0,Azadirachta indica
0.51101875,0.0,Azadirachta indica
0.5355136,0.0,Azadirachta indica
0.51304036,1.0,Azadirachta indica
0.50542736,1.0,Azadirachta indica
0.5383728,0.0,Azadirachta indica
0.548204,1.0,Azadirachta indica
0.5646204,0.0,Azadirachta indica
0.5133374,1.0,Azadirachta indica
0.49787617,1.0,Azadirachta indica
0.523974,0.0,Azadirachta indica
0.5426522,1.0,Azadirachta indica
0.507317,0.0,Azadirachta indica
0.52357167,0.0,Azadirachta indica
0.49790016,0.0,Azadirachta indica
0.50314975,1.0,Azadirachta indica
0.50187504,0.0,Azadirachta indica
0.5052761,0.0,Azadirachta indica
0.49892733,0.0,Azadirachta indica
0.508673,0.0,Azadirachta indica
0.52007645,0.0,Azadirachta indica
0.52593654,1.0,Azadirachta indica
0.50306034,0.0,Azadirachta indica
0.5043899,0.0,Azadirachta indica
0.52924454,1.0,Azadirachta indica
0.52324504,0.0,Azadirachta indica
0.5242232,1.0,Azadirachta indica
0.52198213,0.0,Azadirachta indica
0.50497514,0.0,Azadirachta indica
0.5437593,0.0,Azadirachta indica
0.48599055,0.0,Azadirachta indica
0.51975054,1.0,Azadirachta indica
0.52643263,0.0,Azadirachta indica
0.5191094,0.0,Azadirachta indica
0.51518875,1.0,Azadirachta indica
0.54306495,1.0,Azadirachta indica
0.49468452,0.0,Azadirachta indica
0.5096197,1.0,Azadirachta indica
0.5309116,0.0,Azadirachta indica
0.52693546,1.0,Azadirachta indica
0.5169392,0.0,Azadirachta indica
0.5116794,0.0,Azadirachta indica
0.51086825,0.0,Azadirachta indica
0.44817305,0.0,Azadirachta indica
0.48479143,0.0,Azadirachta indica
0.5081993,0.0,Azadirachta indica
0.53933764,0.0,Azadirachta indica
0.52897066,0.0,Azadirachta indica
0.52884847,0.0,Azadirachta indica
0.5014157,0.0,Azadirachta indica
0.5217529,0.0,Azadirachta indica
0.50273603,0.0,Azadirachta indica
0.51586884,0.0,Azadirachta indica
0.50064355,0.0,Azadirachta indica
0.5207032,0.0,Azadirachta indica
0.5161141,0.0,Azadirachta indica
0.5121166,1.0,Azadirachta indica
0.53605044,0.0,Azadirachta indica
0.5159292,1.0,Azadirachta indica
0.5158792,1.0,Azadirachta indica
0.5210887,1.0,Azadirachta indica
0.5063923,1.0,Azadirachta indica
0.48793468,0.0,Azadirachta indica
0.5024606,0.0,Azadirachta indica
0.51427746,0.0,Azadirachta indica
0.5161716,1.0,Azadirachta indica
0.5251524,1.0,Azadirachta indica
0.5136948,0.0,Azadirachta indica
0.50268614,0.0,Azadirachta indica
0.5022875,0.0,Azadirachta indica
0.5085262,0.0,Azadirachta indica
0.5344835,0.0,Azadirachta indica
0.50105417,0.0,Azadirachta indica
0.5018879,0.0,Azadirachta indica
0.5225318,1.0,Azadirachta indica
0.51210076,0.0,Azadirachta indica
0.5218759,1.0,Azadirachta indica
0.5184527,1.0,Azadirachta indica
0.5127459,0.0,Azadirachta indica
0.4840767,1.0,Azadirachta indica
0.5134631,1.0,Azadirachta indica
0.51462966,0.0,Azadirachta indica
0.5464463,1.0,Azadirachta indica
0.54129964,0.0,Azadirachta indica
0.48942018,0.0,Azadirachta indica
0.49544054,0.0,Azadirachta indica
0.5007571,1.0,Azadirachta indica
0.49432534,1.0,Azadirachta indica
0.51475096,1.0,Azadirachta indica
0.5578731,0.0,Azadirachta indica
0.4873143,0.0,Azadirachta indica
0.5052031,1.0,Azadirachta indica
0.5464463,1.0,Azadirachta indica
0.49666023,1.0,Azadirachta indica
0.52160645,0.0,Azadirachta indica
0.5218974,0.0,Azadirachta indica
0.5303896,0.0,Azadirachta indica
0.53024924,0.0,Azadirachta indica
0.5164889,0.0,Azadirachta indica
0.50127596,0.0,Azadirachta indica
0.5061101,1.0,Azadirachta indica
0.50095993,1.0,Azadirachta indica
0.5239699,0.0,Azadirachta indica
0.5218456,1.0,Azadirachta indica
0.50737405,0.0,Azadirachta indica
0.51668286,1.0,Azadirachta indica
0.5167427,0.0,Azadirachta indica
0.5080266,0.0,Azadirachta indica
0.52211237,0.0,Azadirachta indica
0.49838108,1.0,Azadirachta indica
0.5096151,1.0,Azadirachta indica
0.5022677,0.0,Azadirachta indica
0.5138446,1.0,Azadirachta indica
0.50728667,0.0,Azadirachta indica
0.5368966,1.0,Azadirachta indica
0.49675635,1.0,Azadirachta indica
0.50724024,0.0,Azadirachta indica
0.5263245,0.0,Azadirachta indica
0.5013993,1.0,Azadirachta indica
0.5173481,0.0,Azadirachta indica
0.5194138,0.0,Azadirachta indica
0.5433007,0.0,Azadirachta indica
0.52134275,0.0,Azadirachta indica
0.5068933,0.0,Azadirachta indica
0.5476356,0.0,Azadirachta indica
0.51180476,0.0,Azadirachta indica
0.5218717,0.0,Azadirachta indica
0.53772104,0.0,Azadirachta indica
0.5317184,0.0,Azadirachta indica
0.5106821,1.0,Azadirachta indica
0.52342564,1.0,Azadirachta indica
0.49636,1.0,Azadirachta indica
0.52044845,1.0,Azadirachta indica
0.5333578,0.0,Azadirachta indica
0.49072108,0.0,Azadirachta indica
0.5236299,1.0,Azadirachta indica
0.52411765,0.0,Azadirachta indica
0.50631493,1.0,Azadirachta indica
0.5142967,1.0,Azadirachta indica
0.49375877,0.0,Azadirachta indica
0.51197356,1.0,Azadirachta indica
0.49056262,0.0,Azadirachta indica
0.5236439,1.0,Azadirachta indica
0.5166414,1.0,Azadirachta indica
0.5206271,0.0,Azadirachta indica
0.48227775,0.0,Azadirachta indica
0.5069834,1.0,Azadirachta indica
0.5027789,0.0,Azadirachta indica
0.5169865,0.0,Azadirachta indica
0.54377276,1.0,Azadirachta indica
0.5125778,0.0,Azadirachta indica
0.52086216,0.0,Azadirachta indica
0.49577418,0.0,Azadirachta indica
0.51427585,1.0,Azadirachta indica
0.4963456,0.0,Azadirachta indica
0.51847357,0.0,Azadirachta indica
0.5072492,0.0,Azadirachta indica
0.53880054,0.0,Azadirachta indica
0.49897596,0.0,Azadirachta indica
0.51549584,0.0,Azadirachta indica
0.5172783,0.0,Azadirachta indica
0.49810523,0.0,Azadirachta indica
0.5379477,0.0,Azadirachta indica
0.5113492,1.0,Azadirachta indica
0.54438525,0.0,Azadirachta indica
0.50078416,0.0,Azadirachta indica
0.5172332,1.0,Azadirachta indica
0.50799865,0.0,Azadirachta indica
0.49137002,0.0,Azadirachta indica
0.51490706,1.0,Azadirachta indica
0.52462226,1.0,Azadirachta indica
0.5153459,0.0,Azadirachta indica
0.51552224,0.0,Azadirachta indica
0.48451927,0.0,Azadirachta indica
0.5110868,0.0,Azadirachta indica
0.50783265,1.0,Azadirachta indica
0.51071244,1.0,Azadirachta indica
0.4923263,0.0,Azadirachta indica
0.5101784,0.0,Azadirachta indica
0.515101,0.0,Azadirachta indica
0.5177461,1.0,Azadirachta indica
0.53048235,1.0,Azadirachta indica
0.50829506,1.0,Azadirachta indica
0.5014991,1.0,Azadirachta indica
0.5678151,1.0,Azadirachta indica
0.5236283,0.0,Azadirachta indica
0.5040601,0.0,Azadirachta indica
0.5119338,0.0,Azadirachta indica
0.5233153,1.0,Azadirachta indica
0.5227179,1.0,Azadirachta indica
0.45222953,1.0,Azadirachta indica
0.5015518,1.0,Azadirachta indica
0.5103024,1.0,Azadirachta indica
0.56271154,0.0,Azadirachta indica
0.50974184,0.0,Azadirachta indica
0.49373162,0.0,Azadirachta indica
0.50762194,0.0,Azadirachta indica
0.5234833,1.0,Azadirachta indica
0.5104016,0.0,Azadirachta indica
0.5077502,0.0,Azadirachta indica
0.52684575,0.0,Azadirachta indica
0.5014094,1.0,Azadirachta indica
0.5249149,0.0,Azadirachta indica
0.5259109,0.0,Azadirachta indica
0.5125652,0.0,Azadirachta indica
0.5258,0.0,Azadirachta indica
0.5017232,0.0,Azadirachta indica
0.5070464,1.0,Azadirachta indica
0.51279396,0.0,Azadirachta indica
0.5109674,1.0,Azadirachta indica
0.5042291,0.0,Azadirachta indica
0.5113125,1.0,Azadirachta indica
0.5080217,1.0,Azadirachta indica
0.5369676,0.0,Azadirachta indica
0.5053852,0.0,Azadirachta indica
0.493184,0.0,Azadirachta indica
0.53809017,1.0,Azadirachta indica
0.5268426,0.0,Azadirachta indica
0.5001109,1.0,Azadirachta indica
0.44380918,1.0,Azadirachta indica
0.51032215,0.0,Azadirachta indica
0.5245088,1.0,Azadirachta indica
0.5016049,0.0,Azadirachta indica
0.5214501,1.0,Azadirachta indica
0.51168215,1.0,Azadirachta indica
0.5068888,0.0,Azadirachta indica
0.51114875,1.0,Azadirachta indica
0.550125,0.0,Azadirachta indica
0.51334053,0.0,Azadirachta indica
0.5217154,0.0,Azadirachta indica
0.50925493,1.0,Azadirachta indica
0.5171924,0.0,Azadirachta indica
0.49313715,1.0,Azadirachta indica
0.5292016,0.0,Azadirachta indica
0.53392845,0.0,Azadirachta indica
0.5282596,0.0,Azadirachta indica
0.51750946,0.0,Azadirachta indica
0.535548,0.0,Azadirachta indica
0.5071904,0.0,Azadirachta indica
0.5275988,0.0,Azadirachta indica
0.50905377,0.0,Azadirachta indica
0.5195715,1.0,Azadirachta indica
0.513797,0.0,Azadirachta indica
0.53251857,0.0,Azadirachta indica
0.51370853,1.0,Azadirachta indica
0.54530513,0.0,Azadirachta indica
0.51692235,0.0,Azadirachta indica
0.51613826,0.0,Azadirachta indica
0.5183357,1.0,Azadirachta indica
0.5477416,0.0,Azadirachta indica
0.49939087,0.0,Azadirachta indica
0.47480658,1.0,Azadirachta indica
0.49901345,0.0,Azadirachta indica
0.49980968,0.0,Azadirachta indica
0.5509403,0.0,Azadirachta indica
0.500302,0.0,Azadirachta indica
0.55637467,1.0,Azadirachta indica
0.5090474,1.0,Azadirachta indica
0.5115484,1.0,Azadirachta indica
0.49843818,0.0,Azadirachta indica
0.5566557,0.0,Azadirachta indica
0.5508515,0.0,Azadirachta indica
0.5303761,0.0,Azadirachta indica
0.511214,0.0,Azadirachta indica
0.511092,0.0,Azadirachta indica
0.51540065,0.0,Azadirachta indica
0.50429475,1.0,Azadirachta indica
0.51477975,1.0,Azadirachta indica
0.50555724,1.0,Azadirachta indica
0.5091518,0.0,Azadirachta indica
0.53102595,1.0,Azadirachta indica
0.5024849,1.0,Azadirachta indica
0.5454118,1.0,Azadirachta indica
0.5321696,0.0,Azadirachta indica
0.5186235,0.0,Azadirachta indica
0.5193322,0.0,Azadirachta indica
0.5153807,0.0,Azadirachta indica
0.53295654,0.0,Azadirachta indica
0.55807054,0.0,Azadirachta indica
0.5371473,0.0,Azadirachta indica
0.5445236,0.0,Azadirachta indica
0.5223366,0.0,Azadirachta indica
0.53214854,0.0,Azadirachta indica
0.51933473,0.0,Azadirachta indica
0.5291264,1.0,Azadirachta indica
0.5115428,0.0,Azadirachta indica
0.51198363,0.0,Azadirachta indica
0.5329035,1.0,Azadirachta indica
0.50280327,0.0,Azadirachta indica
0.5136814,1.0,Azadirachta indica
0.5174167,0.0,Azadirachta indica
0.49074703,0.0,Azadirachta indica
0.508533,0.0,Azadirachta indica
0.5032315,0.0,Azadirachta indica
0.51895964,0.0,Azadirachta indica
0.53316516,1.0,Azadirachta indica
0.51387435,0.0,Azadirachta indica
0.51187205,0.0,Azadirachta indica
0.504247,1.0,Azadirachta indica
0.5044405,1.0,Azadirachta indica
0.5024741,0.0,Azadirachta indica
0.53342587,1.0,Azadirachta indica
0.50522935,1.0,Azadirachta indica
0.54158664,0.0,Azadirachta indica
0.5162119,1.0,Azadirachta indica
0.513019,0.0,Azadirachta indica
0.5186232,1.0,Azadirachta indica
0.5239646,0.0,Azadirachta indica
0.5132162,0.0,Azadirachta indica
0.5297146,0.0,Azadirachta indica
0.49015003,0.0,Azadirachta indica
0.50200695,0.0,Azadirachta indica
0.5087067,1.0,Azadirachta indica
0.5097555,0.0,Azadirachta indica
0.5336708,1.0,Azadirachta indica
0.51286286,1.0,Azadirachta indica
0.5285857,1.0,Azadirachta indica
0.48259944,0.0,Azadirachta indica
0.5163269,1.0,Azadirachta indica
0.47423208,1.0,Azadirachta indica
0.50169754,0.0,Azadirachta indica
0.48869324,0.0,Azadirachta indica
0.5331124,0.0,Azadirachta indica
0.50307906,0.0,Azadirachta indica
0.5107574,0.0,Azadirachta indica
0.508939,0.0,Azadirachta indica
0.51112664,0.0,Azadirachta indica
0.50904495,1.0,Azadirachta indica
0.5239221,1.0,Azadirachta indica
0.5162146,0.0,Azadirachta indica
0.535548,0.0,Azadirachta indica
0.5133598,0.0,Azadirachta indica
0.52902627,0.0,Azadirachta indica
0.556097,0.0,Azadirachta indica
0.5045375,1.0,Azadirachta indica
0.5120286,0.0,Azadirachta indica
0.5382453,1.0,Azadirachta indica
0.51388013,0.0,Azadirachta indica
0.49415493,0.0,Azadirachta indica
0.49732602,0.0,Azadirachta indica
0.5107447,0.0,Azadirachta indica
0.51400614,0.0,Azadirachta indica
0.50519323,1.0,Azadirachta indica
0.51860404,0.0,Azadirachta indica
0.527944,1.0,Azadirachta indica
0.49930397,0.0,Azadirachta indica
0.53189164,0.0,Azadirachta indica
0.5041143,1.0,Azadirachta indica
0.5473843,0.0,Azadirachta indica
0.5155614,0.0,Azadirachta indica
0.5211044,0.0,Azadirachta indica
0.54219264,0.0,Azadirachta indica
0.55525684,1.0,Azadirachta indica
0.54280275,0.0,Azadirachta indica
0.5174697,1.0,Azadirachta indica
0.53171533,0.0,Azadirachta indica
0.5022104,0.0,Azadirachta indica
0.50132996,0.0,Azadirachta indica
0.5239097,1.0,Azadirachta indica
0.5021954,1.0,Azadirachta indica
0.50274754,0.0,Azadirachta indica
0.508311,1.0,Azadirachta indica
0.50846577,1.0,Azadirachta indica
0.52430284,0.0,Azadirachta indica
0.49546131,0.0,Azadirachta indica
0.5540309,1.0,Azadirachta indica
0.5356513,1.0,Azadirachta indica
0.5002372,1.0,Azadirachta indica
0.5003798,0.0,Azadirachta indica
0.52369964,0.0,Azadirachta indica
0.5103264,0.0,Azadirachta indica
0.50822544,0.0,Azadirachta indica
0.49890852,1.0,Azadirachta indica
0.4790743,1.0,Azadirachta indica
0.50930995,0.0,Azadirachta indica
0.53410804,0.0,Azadirachta indica
0.5052259,1.0,Azadirachta indica
0.49812308,0.0,Azadirachta indica
0.48827088,0.0,Azadirachta indica
0.5067296,0.0,Azadirachta indica
0.51833135,0.0,Azadirachta indica
0.55847013,0.0,Azadirachta indica
0.4746702,0.0,Azadirachta indica
0.520988,0.0,Azadirachta indica
0.5165288,1.0,Azadirachta indica
0.5188655,0.0,Azadirachta indica
0.5138394,0.0,Azadirachta indica
0.52279,1.0,Azadirachta indica
0.51609063,1.0,Azadirachta indica
0.51407784,0.0,Azadirachta indica
0.5012618,1.0,Azadirachta indica
0.5176857,1.0,Azadirachta indica
0.54949534,0.0,Azadirachta indica
0.5289519,1.0,Azadirachta indica
0.5099329,1.0,Azadirachta indica
0.54572815,0.0,Azadirachta indica
0.46992597,1.0,Azadirachta indica
0.51167005,0.0,Azadirachta indica
0.52969027,0.0,Azadirachta indica
0.50783986,0.0,Azadirachta indica
0.50753146,1.0,Azadirachta indica
0.5015331,0.0,Azadirachta indica
0.5104538,0.0,Azadirachta indica
0.5228131,0.0,Azadirachta indica
0.5082267,0.0,Azadirachta indica
0.52180994,1.0,Azadirachta indica
0.49781832,0.0,Azadirachta indica
0.5230369,1.0,Azadirachta indica
0.54308754,1.0,Azadirachta indica
0.5274658,1.0,Azadirachta indica
0.5312637,0.0,Azadirachta indica
0.4943988,0.0,Azadirachta indica
0.53268,1.0,Azadirachta indica
0.50275564,1.0,Azadirachta indica
0.5158424,0.0,Azadirachta indica
0.506408,1.0,Azadirachta indica
0.53355867,0.0,Azadirachta indica
0.5346484,0.0,Azadirachta indica
0.51337206,0.0,Azadirachta indica
0.4942453,0.0,Azadirachta indica
0.50758964,0.0,Azadirachta indica
0.5171979,1.0,Azadirachta indica
0.5281774,0.0,Azadirachta indica
0.52247447,0.0,Azadirachta indica
0.5279718,0.0,Azadirachta indica
0.50272137,0.0,Azadirachta indica
0.5312911,0.0,Azadirachta indica
0.5400903,0.0,Azadirachta indica
0.51206046,0.0,Azadirachta indica
0.49600142,0.0,Azadirachta indica
0.49634254,1.0,Azadirachta indica
0.49854192,0.0,Azadirachta indica
0.5099677,1.0,Azadirachta indica
0.5167409,1.0,Azadirachta indica
0.5307672,0.0,Azadirachta indica
0.5087971,1.0,Azadirachta indica
0.500178,1.0,Azadirachta indica
0.4960725,1.0,Azadirachta indica
0.50973654,0.0,Azadirachta indica
0.52559495,0.0,Azadirachta indica
0.5361734,0.0,Azadirachta indica
0.53230333,1.0,Azadirachta indica
0.5016688,0.0,Azadirachta indica
0.5145205,0.0,Azadirachta indica
0.53048515,0.0,Azadirachta indica
0.51524454,0.0,Azadirachta indica
0.5082379,0.0,Azadirachta indica
0.5248705,0.0,Azadirachta indica
0.5185518,0.0,Azadirachta indica
0.54938895,0.0,Azadirachta indica
0.5282752,0.0,Azadirachta indica
0.4979396,0.0,Azadirachta indica
0.50739646,0.0,Azadirachta indica
0.58028024,0.0,Azadirachta indica
0.501598,0.0,Azadirachta indica
0.48589203,0.0,Azadirachta indica
0.54198134,1.0,Azadirachta indica
0.51267356,0.0,Azadirachta indica
0.5236055,0.0,Azadirachta indica
0.53386676,1.0,Azadirachta indica
0.53226984,0.0,Azadirachta indica
0.5269757,0.0,Azadirachta indica
0.5144434,0.0,Azadirachta indica
0.5089724,1.0,Azadirachta indica
0.5188928,1.0,Azadirachta indica
0.5036821,0.0,Azadirachta indica
0.510166,0.0,Azadirachta indica
0.50656664,1.0,Azadirachta indica
0.5268686,0.0,Azadirachta indica
0.49702033,1.0,Azadirachta indica
0.4988829,0.0,Azadirachta indica
0.5330654,0.0,Azadirachta indica
0.5214664,0.0,Azadirachta indica
0.5059988,1.0,Azadirachta indica
0.51374936,1.0,Azadirachta indica
0.5377234,0.0,Azadirachta indica
0.5357589,0.0,Azadirachta indica
0.5101557,0.0,Azadirachta indica
0.47740513,0.0,Azadirachta indica
0.5319315,0.0,Azadirachta indica
0.51639766,0.0,Azadirachta indica
0.51910746,0.0,Azadirachta indica
0.51077485,0.0,Azadirachta indica
0.528615,0.0,Azadirachta indica
0.527242,0.0,Azadirachta indica
0.5045485,0.0,Azadirachta indica
0.5447238,0.0,Azadirachta indica
0.5026895,0.0,Azadirachta indica
0.49534172,1.0,Azadirachta indica
0.51629454,0.0,Azadirachta indica
0.53038025,0.0,Azadirachta indica
0.5521574,0.0,Azadirachta indica
0.5157028,1.0,Azadirachta indica
0.54807717,1.0,Azadirachta indica
0.5115972,0.0,Azadirachta indica
0.5288454,0.0,Azadirachta indica
0.5103289,0.0,Azadirachta indica
0.51348084,0.0,Azadirachta indica
0.51952916,0.0,Azadirachta indica
0.5128797,0.0,Azadirachta indica
0.53869945,1.0,Azadirachta indica
0.5372368,1.0,Azadirachta indica
0.5127372,0.0,Azadirachta indica
0.52149755,0.0,Azadirachta indica
0.5109807,1.0,Azadirachta indica
0.49029028,0.0,Azadirachta indica
0.49033403,0.0,Azadirachta indica
0.5290678,0.0,Azadirachta indica
0.5618097,1.0,Azadirachta indica
0.5377635,1.0,Azadirachta indica
0.50439,0.0,Azadirachta indica
0.51399416,0.0,Azadirachta indica
0.5347198,0.0,Azadirachta indica
0.51126254,0.0,Azadirachta indica
0.51338816,0.0,Azadirachta indica
0.5070664,0.0,Azadirachta indica
0.52604955,1.0,Azadirachta indica
0.51674545,1.0,Azadirachta indica
0.54363203,0.0,Azadirachta indica
0.5509283,0.0,Azadirachta indica
0.5452419,0.0,Azadirachta indica
0.5090021,0.0,Azadirachta indica
0.5404353,0.0,Azadirachta indica
0.5342367,0.0,Azadirachta indica
0.49878702,0.0,Azadirachta indica
0.5287951,1.0,Azadirachta indica
0.5441888,0.0,Azadirachta indica
0.51630014,0.0,Azadirachta indica
0.5004512,1.0,Azadirachta indica
0.50691444,0.0,Azadirachta indica
0.4832929,0.0,Azadirachta indica
0.530188,0.0,Azadirachta indica
0.51679,1.0,Azadirachta indica
0.5474304,0.0,Azadirachta indica
0.5218443,1.0,Azadirachta indica
0.5219999,1.0,Azadirachta indica
0.5064179,1.0,Azadirachta indica
0.37637326,0.0,Azadirachta indica
0.5762593,0.0,Azadirachta indica
0.52970695,0.0,Azadirachta indica
0.51246804,1.0,Azadirachta indica
0.5308362,1.0,Azadirachta indica
0.5213114,1.0,Azadirachta indica
0.51424295,1.0,Azadirachta indica
0.51666886,0.0,Azadirachta indica
0.5626545,0.0,Azadirachta indica
0.5428347,0.0,Azadirachta indica
0.5311165,1.0,Azadirachta indica
0.52258575,1.0,Azadirachta indica
0.51969135,0.0,Azadirachta indica
0.51842326,0.0,Azadirachta indica
0.53853554,0.0,Azadirachta indica
0.50269395,1.0,Azadirachta indica
0.4913633,1.0,Azadirachta indica
0.50397605,0.0,Azadirachta indica
0.51026887,0.0,Azadirachta indica
0.5144434,0.0,Azadirachta indica
0.5422824,1.0,Azadirachta indica
0.55407023,0.0,Azadirachta indica
0.5069708,0.0,Azadirachta indica
0.52024883,0.0,Azadirachta indica
0.52581865,0.0,Azadirachta indica
0.49450117,1.0,Azadirachta indica
0.50205857,0.0,Azadirachta indica
0.50590354,1.0,Azadirachta indica
0.53752184,1.0,Azadirachta indica
0.5436592,0.0,Azadirachta indica
0.5542341,0.0,Azadirachta indica
0.4913075,0.0,Azadirachta indica
0.48658597,0.0,Azadirachta indica
0.5024363,1.0,Azadirachta indica
0.5116004,1.0,Azadirachta indica
0.5602091,1.0,Azadirachta indica
0.5001109,1.0,Azadirachta indica
0.53191376,0.0,Azadirachta indica
0.50935906,0.0,Azadirachta indica
0.5597964,0.0,Azadirachta indica
0.5084382,1.0,Azadirachta indica
0.5248459,0.0,Azadirachta indica
0.51615524,1.0,Azadirachta indica
0.5217419,1.0,Azadirachta indica
0.53613067,0.0,Azadirachta indica
0.51353544,0.0,Azadirachta indica
0.51725173,1.0,Azadirachta indica
0.51538306,0.0,Azadirachta indica
0.51888686,1.0,Azadirachta indica
0.5224546,0.0,Azadirachta indica
0.51538306,0.0,Azadirachta indica
0.5016261,1.0,Azadirachta indica
0.52022165,0.0,Azadirachta indica
0.5063399,1.0,Azadirachta indica
0.51588166,0.0,Azadirachta indica
0.53458,1.0,Azadirachta indica
0.50038797,0.0,Azadirachta indica
0.49518096,1.0,Azadirachta indica
0.5195486,0.0,Azadirachta indica
0.52615166,1.0,Azadirachta indica
0.55342275,0.0,Azadirachta indica
0.5119871,1.0,Azadirachta indica
0.51957244,0.0,Azadirachta indica
0.53000855,0.0,Azadirachta indica
0.5126436,0.0,Azadirachta indica
0.52624875,1.0,Azadirachta indica
0.5152726,0.0,Azadirachta indica
0.5144876,0.0,Azadirachta indica
0.5207111,1.0,Azadirachta indica
0.51862496,1.0,Azadirachta indica
0.5151246,0.0,Azadirachta indica
0.5138166,0.0,Azadirachta indica
0.45745546,0.0,Azadirachta indica
0.5226058,0.0,Azadirachta indica
0.50870854,1.0,Azadirachta indica
0.5362394,0.0,Azadirachta indica
0.5086126,0.0,Azadirachta indica
0.50544906,1.0,Azadirachta indica
0.5363021,0.0,Azadirachta indica
0.521515,1.0,Azadirachta indica
0.52619946,0.0,Azadirachta indica
0.4899154,0.0,Azadirachta indica
0.5155064,0.0,Azadirachta indica
0.5177501,0.0,Azadirachta indica
0.5208755,0.0,Azadirachta indica
0.5348151,0.0,Azadirachta indica
0.5108029,0.0,Azadirachta indica
0.51388854,0.0,Azadirachta indica
0.52260864,0.0,Azadirachta indica
0.5285912,0.0,Azadirachta indica
0.514053,0.0,Azadirachta indica
0.5024606,0.0,Azadirachta indica
0.509666,0.0,Azadirachta indica
0.50854176,1.0,Azadirachta indica
0.50227517,0.0,Azadirachta indica
0.50945395,0.0,Azadirachta indica
0.51972014,0.0,Azadirachta indica
0.5103677,0.0,Azadirachta indica
0.51353157,1.0,Azadirachta indica
0.537531,1.0,Azadirachta indica
0.523201,1.0,Azadirachta indica
0.47153747,0.0,Azadirachta indica
0.5379069,0.0,Azadirachta indica
0.5192859,0.0,Azadirachta indica
0.51146716,0.0,Azadirachta indica
0.5122125,0.0,Azadirachta indica
0.500302,0.0,Azadirachta indica
0.5157111,0.0,Azadirachta indica
0.5266517,0.0,Azadirachta indica
0.4873143,0.0,Azadirachta indica
0.54943216,0.0,Azadirachta indica
0.532079,1.0,Azadirachta indica
0.5213505,0.0,Azadirachta indica
0.53015524,0.0,Azadirachta indica
0.5397114,1.0,Azadirachta indica
0.48331285,0.0,Azadirachta indica
0.48206556,0.0,Azadirachta indica
0.48978007,0.0,Azadirachta indica
0.50689423,0.0,Azadirachta indica
0.5105729,0.0,Azadirachta indica
0.5256323,1.0,Azadirachta indica
0.5146614,1.0,Azadirachta indica
0.49543533,0.0,Azadirachta indica
0.5049628,1.0,Azadirachta indica
0.5135102,1.0,Azadirachta indica
0.5141603,0.0,Azadirachta indica
0.44213304,1.0,Azadirachta indica
0.5244516,0.0,Azadirachta indica
0.5189099,0.0,Azadirachta indica
0.51107544,0.0,Azadirachta indica
0.50677913,0.0,Azadirachta indica
0.5245844,0.0,Azadirachta indica
0.5126411,0.0,Azadirachta indica
0.51019764,0.0,Azadirachta indica
0.528572,1.0,Azadirachta indica
0.5081784,0.0,Azadirachta indica
0.5054592,1.0,Azadirachta indica
0.52865225,0.0,Azadirachta indica
0.5098993,1.0,Azadirachta indica
0.5324098,1.0,Azadirachta indica
0.5101838,1.0,Azadirachta indica
0.5038047,1.0,Azadirachta indica
0.50798804,0.0,Azadirachta indica
0.4884364,0.0,Azadirachta indica
0.5145341,0.0,Azadirachta indica
0.5225582,0.0,Azadirachta indica
0.55208325,0.0,Azadirachta indica
0.53657436,0.0,Azadirachta indica
0.52585435,0.0,Azadirachta indica
0.5189785,1.0,Azadirachta indica
0.5289266,1.0,Azadirachta indica
0.4968891,0.0,Azadirachta indica
0.507917,1.0,Azadirachta indica
0.50996107,1.0,Azadirachta indica
0.51711786,0.0,Azadirachta indica
0.5174167,0.0,Azadirachta indica
0.5374397,1.0,Azadirachta indica
0.5033242,0.0,Azadirachta indica
0.50204504,0.0,Azadirachta indica
0.52341914,0.0,Azadirachta indica
0.5176165,0.0,Azadirachta indica
0.51423514,0.0,Azadirachta indica
0.49793148,1.0,Azadirachta indica
0.4956442,1.0,Azadirachta indica
0.5134387,0.0,Azadirachta indica
0.52308047,1.0,Azadirachta indica
0.5032448,1.0,Azadirachta indica
0.49421465,0.0,Azadirachta indica
0.5247696,0.0,Azadirachta indica
0.51179326,1.0,Azadirachta indica
0.5014123,0.0,Azadirachta indica
0.5095147,1.0,Azadirachta indica
0.50683135,0.0,Azadirachta indica
0.49415568,1.0,Azadirachta indica
0.5150468,0.0,Azadirachta indica
0.5301995,0.0,Azadirachta indica
0.5195747,0.0,Azadirachta indica
0.50669974,0.0,Azadirachta indica
0.5120819,1.0,Azadirachta indica
0.5258642,1.0,Azadirachta indica
0.5094173,1.0,Azadirachta indica
0.51647615,0.0,Azadirachta indica
0.5174956,0.0,Azadirachta indica
0.5094218,1.0,Azadirachta indica
0.48110056,0.0,Azadirachta indica
0.50295156,0.0,Azadirachta indica
0.5244148,0.0,Azadirachta indica
0.51442593,1.0,Azadirachta indica
0.5128684,1.0,Azadirachta indica
0.5259695,0.0,Azadirachta indica
0.5076006,1.0,Azadirachta indica
0.51939267,0.0,Azadirachta indica
0.51104623,0.0,Azadirachta indica
0.5043558,0.0,Azadirachta indica
0.49720135,0.0,Azadirachta indica
0.5554935,0.0,Azadirachta indica
0.5010427,1.0,Azadirachta indica
0.5128044,1.0,Azadirachta indica
0.5281565,0.0,Azadirachta indica
0.5533247,1.0,Azadirachta indica
0.49981743,0.0,Azadirachta indica
0.50536394,0.0,Azadirachta indica
0.5069246,1.0,Azadirachta indica
0.47638974,1.0,Azadirachta indica
0.52393335,1.0,Azadirachta indica
0.49173215,1.0,Azadirachta indica
0.52658206,0.0,Azadirachta indica
0.48205093,1.0,Azadirachta indica
0.53052825,0.0,Azadirachta indica
0.5606197,1.0,Azadirachta indica
0.5347751,1.0,Azadirachta indica
0.52667564,0.0,Azadirachta indica
0.55419916,0.0,Azadirachta indica
0.50667053,0.0,Azadirachta indica
0.51468784,0.0,Azadirachta indica
0.5200144,1.0,Azadirachta indica
0.5054847,0.0,Azadirachta indica
0.539575,0.0,Azadirachta indica
0.5093407,0.0,Azadirachta indica
0.49959192,0.0,Azadirachta indica
0.50759715,1.0,Azadirachta indica
0.506104,0.0,Azadirachta indica
0.531616,0.0,Azadirachta indica
0.45959485,0.0,Azadirachta indica
0.5301177,0.0,Azadirachta indica
0.54458404,1.0,Azadirachta indica
0.5287549,0.0,Azadirachta indica
0.5009165,0.0,Azadirachta indica
0.5075128,1.0,Azadirachta indica
0.50355154,1.0,Azadirachta indica
0.5311984,1.0,Azadirachta indica
0.5510162,0.0,Azadirachta indica
0.5112551,1.0,Azadirachta indica
0.49342605,0.0,Azadirachta indica
0.53299934,0.0,Azadirachta indica
0.5005598,1.0,Azadirachta indica
0.5065656,0.0,Azadirachta indica
0.5153017,0.0,Azadirachta indica
0.51178545,0.0,Azadirachta indica
0.5364023,0.0,Azadirachta indica
0.48110366,1.0,Azadirachta indica
0.5241558,0.0,Azadirachta indica
0.56372654,1.0,Azadirachta indica
0.5308104,1.0,Azadirachta indica
0.49744454,0.0,Azadirachta indica
0.49007925,0.0,Azadirachta indica
0.5223702,0.0,Azadirachta indica
0.5227895,1.0,Azadirachta indica
0.49673852,0.0,Azadirachta indica
0.5249283,0.0,Azadirachta indica
0.50329804,1.0,Azadirachta indica
0.49703166,1.0,Azadirachta indica
0.5032357,0.0,Azadirachta indica
0.51427746,0.0,Azadirachta indica
0.5587539,1.0,Azadirachta indica
0.5208926,0.0,Azadirachta indica
0.5179471,0.0,Azadirachta indica
0.5093569,1.0,Azadirachta indica
0.5216767,0.0,Azadirachta indica
0.50984406,0.0,Azadirachta indica
0.49604833,0.0,Azadirachta indica
0.5097208,0.0,Azadirachta indica
0.5448855,1.0,Azadirachta indica
0.50685143,1.0,Azadirachta indica
0.51388156,0.0,Azadirachta indica
0.5041906,0.0,Azadirachta indica
0.54348665,0.0,Azadirachta indica
0.52343947,0.0,Azadirachta indica
0.5028522,1.0,Azadirachta indica
0.51934433,0.0,Azadirachta indica
0.5120029,0.0,Azadirachta indica
0.49721855,0.0,Azadirachta indica
0.50638646,1.0,Azadirachta indica
0.5260221,0.0,Azadirachta indica
0.50531715,0.0,Azadirachta indica
0.5188461,0.0,Azadirachta indica
0.5211766,1.0,Azadirachta indica
0.5047398,1.0,Azadirachta indica
0.5290279,1.0,Azadirachta indica
0.5196402,0.0,Azadirachta indica
0.4743004,0.0,Azadirachta indica
0.5347977,0.0,Azadirachta indica
0.56692684,0.0,Azadirachta indica
0.5387669,0.0,Azadirachta indica
0.51257396,1.0,Azadirachta indica
0.51973486,0.0,Azadirachta indica
0.50124913,1.0,Azadirachta indica
0.5334125,0.0,Azadirachta indica
0.5403289,1.0,Azadirachta indica
0.5174765,1.0,Azadirachta indica
0.51331586,0.0,Azadirachta indica
0.537395,1.0,Azadirachta indica
0.5023476,0.0,Azadirachta indica
0.51293486,0.0,Azadirachta indica
0.5341086,1.0,Azadirachta indica
0.50445056,1.0,Azadirachta indica
0.5336628,0.0,Azadirachta indica
0.4979724,0.0,Azadirachta indica
0.5248133,0.0,Azadirachta indica
0.5085602,1.0,Azadirachta indica
0.4896477,1.0,Azadirachta indica
0.5210573,1.0,Azadirachta indica
0.54572695,0.0,Azadirachta indica
0.51604784,1.0,Azadirachta indica
0.5159268,0.0,Azadirachta indica
0.55696106,0.0,Azadirachta indica
0.52912444,1.0,Azadirachta indica
0.5082294,0.0,Azadirachta indica
0.5619204,1.0,Azadirachta indica
0.5325081,0.0,Azadirachta indica
0.5019746,0.0,Azadirachta indica
0.5482568,0.0,Azadirachta indica
0.51385033,1.0,Azadirachta indica
0.49786672,0.0,Azadirachta indica
0.5325755,1.0,Azadirachta indica
0.53536785,1.0,Azadirachta indica
0.52244675,1.0,Azadirachta indica
0.51356614,0.0,Azadirachta indica
0.5046346,1.0,Azadirachta indica
0.51519537,0.0,Azadirachta indica
0.53974444,0.0,Azadirachta indica
0.51401126,0.0,Azadirachta indica
0.513669,1.0,Azadirachta indica
0.5080886,1.0,Azadirachta indica
0.5169798,0.0,Azadirachta indica
0.5131524,1.0,Azadirachta indica
0.5160667,1.0,Azadirachta indica
0.5030012,1.0,Azadirachta indica
0.49893486,0.0,Azadirachta indica
0.5219699,1.0,Azadirachta indica
0.5215582,1.0,Azadirachta indica
0.5261772,1.0,Azadirachta indica
0.52198035,1.0,Azadirachta indica
0.5272137,1.0,Azadirachta indica
0.54426205,1.0,Azadirachta indica
0.52743316,0.0,Azadirachta indica
0.51928115,1.0,Azadirachta indica
0.5205526,0.0,Azadirachta indica
0.5333865,1.0,Azadirachta indica
0.5022671,1.0,Azadirachta indica
0.51415485,1.0,Azadirachta indica
0.51657796,0.0,Azadirachta indica
0.52334964,1.0,Azadirachta indica
0.49018177,0.0,Azadirachta indica
0.5038796,1.0,Azadirachta indica
0.50762755,0.0,Azadirachta indica
0.51255655,0.0,Azadirachta indica
0.5153939,1.0,Azadirachta indica
0.49778482,1.0,Azadirachta indica
0.51504177,1.0,Azadirachta indica
0.5312846,1.0,Azadirachta indica
0.50936735,0.0,Azadirachta indica
0.50059515,0.0,Azadirachta indica
0.5197817,1.0,Azadirachta indica
0.5251629,0.0,Azadirachta indica
0.50719804,1.0,Azadirachta indica
0.49370936,1.0,Azadirachta indica
0.50785184,0.0,Azadirachta indica
0.49635088,0.0,Azadirachta indica
0.5130314,0.0,Azadirachta indica
0.5155238,0.0,Azadirachta indica
0.51240665,0.0,Azadirachta indica
0.5417258,0.0,Azadirachta indica
0.48873043,0.0,Azadirachta indica
0.5036061,0.0,Azadirachta indica
0.49479908,1.0,Azadirachta indica
0.519504,1.0,Azadirachta indica
0.5192152,1.0,Azadirachta indica
0.50106305,1.0,Azadirachta indica
0.4750144,1.0,Azadirachta indica
0.5033185,0.0,Azadirachta indica
0.50222754,0.0,Azadirachta indica
0.51796514,0.0,Azadirachta indica
0.5048481,0.0,Azadirachta indica
0.5218792,0.0,Azadirachta indica
0.50312126,0.0,Azadirachta indica
0.49894223,1.0,Azadirachta indica
0.5193219,0.0,Azadirachta indica
0.50970966,0.0,Azadirachta indica
0.5347103,1.0,Azadirachta indica
0.5268097,1.0,Azadirachta indica
0.5180701,1.0,Azadirachta indica
0.50161934,0.0,Azadirachta indica
0.50417817,0.0,Azadirachta indica
0.50817263,0.0,Azadirachta indica
0.511272,0.0,Azadirachta indica
0.4835219,1.0,Azadirachta indica
0.5100097,0.0,Azadirachta indica
0.46718127,1.0,Azadirachta indica
0.50871927,0.0,Azadirachta indica
0.50189996,0.0,Azadirachta indica
0.4896191,0.0,Azadirachta indica
0.5294204,0.0,Azadirachta indica
0.5325116,1.0,Azadirachta indica
0.5147698,1.0,Azadirachta indica
0.5217744,1.0,Azadirachta indica
0.5280759,0.0,Azadirachta indica
0.5182689,0.0,Azadirachta indica
0.5300512,0.0,Azadirachta indica
0.51625055,0.0,Azadirachta indica
0.5098711,1.0,Azadirachta indica
0.5342946,0.0,Azadirachta indica
0.51239234,1.0,Azadirachta indica
0.53759986,0.0,Azadirachta indica
0.51892287,0.0,Azadirachta indica
0.5036418,0.0,Azadirachta indica
0.5139423,0.0,Azadirachta indica
0.5336788,0.0,Azadirachta indica
0.5162493,0.0,Azadirachta indica
0.4935847,0.0,Azadirachta indica
0.49634585,1.0,Azadirachta indica
0.51083624,0.0,Azadirachta indica
0.5166533,0.0,Azadirachta indica
0.52001345,0.0,Azadirachta indica
0.52606714,1.0,Azadirachta indica
0.5236013,0.0,Azadirachta indica
0.5156492,1.0,Azadirachta indica
0.49785325,1.0,Azadirachta indica
0.5039506,0.0,Azadirachta indica
0.5258194,1.0,Azadirachta indica
0.5026126,1.0,Azadirachta indica
0.5163554,0.0,Azadirachta indica
0.50205016,1.0,Azadirachta indica
0.5274672,0.0,Azadirachta indica
0.53725576,0.0,Azadirachta indica
0.5160508,0.0,Azadirachta indica
0.5185945,1.0,Azadirachta indica
0.5136407,1.0,Azadirachta indica
0.5495108,0.0,Azadirachta indica
0.5392556,0.0,Azadirachta indica
0.5247198,0.0,Azadirachta indica
0.51044476,0.0,Azadirachta indica
0.51736104,0.0,Azadirachta indica
0.4986913,1.0,Azadirachta indica
0.513672,1.0,Azadirachta indica
0.51513916,1.0,Azadirachta indica
0.51459116,1.0,Azadirachta indica
0.523025,1.0,Azadirachta indica
0.5148343,0.0,Azadirachta indica
0.52547014,0.0,Azadirachta indica
0.5358834,1.0,Azadirachta indica
0.49744394,1.0,Azadirachta indica
0.52111906,0.0,Azadirachta indica
0.51957977,0.0,Azadirachta indica
0.5062054,0.0,Azadirachta indica
0.49765182,0.0,Azadirachta indica
0.5461175,0.0,Azadirachta indica
0.50214773,0.0,Azadirachta indica
0.5239653,0.0,Azadirachta indica
0.5148901,1.0,Azadirachta indica
0.51131743,0.0,Azadirachta indica
0.51911783,0.0,Azadirachta indica
0.52171654,1.0,Azadirachta indica
0.5044257,0.0,Azadirachta indica
0.5368892,0.0,Azadirachta indica
0.5106811,1.0,Azadirachta indica
0.52114004,0.0,Azadirachta indica
0.50550604,0.0,Azadirachta indica
0.515966,0.0,Azadirachta indica
0.5116256,0.0,Azadirachta indica
0.53778017,0.0,Azadirachta indica
0.49838543,1.0,Azadirachta indica
0.5227202,0.0,Azadirachta indica
0.5193502,1.0,Azadirachta indica
0.4796893,0.0,Azadirachta indica
0.5444777,0.0,Azadirachta indica
0.5164587,1.0,Azadirachta indica
0.5168846,0.0,Azadirachta indica
0.5251565,0.0,Azadirachta indica
0.5401438,0.0,Azadirachta indica
0.49847645,1.0,Azadirachta indica
0.50516564,0.0,Azadirachta indica
0.5265341,1.0,Azadirachta indica
0.5132628,0.0,Azadirachta indica
0.5117571,1.0,Azadirachta indica
0.5107408,0.0,Azadirachta indica
0.50557643,0.0,Azadirachta indica
0.49734366,0.0,Azadirachta indica
0.51755685,0.0,Azadirachta indica
0.50699794,0.0,Azadirachta indica
0.51389885,1.0,Azadirachta indica
0.50424653,1.0,Azadirachta indica
0.5358055,0.0,Azadirachta indica
0.5002878,0.0,Azadirachta indica
0.52610886,0.0,Azadirachta indica
0.49602944,1.0,Azadirachta indica
0.5032832,0.0,Azadirachta indica
0.51171774,0.0,Azadirachta indica
0.50081986,1.0,Azadirachta indica
0.49598745,1.0,Azadirachta indica
0.49677074,1.0,Azadirachta indica
0.5156637,0.0,Azadirachta indica
0.519526,0.0,Azadirachta indica
0.52453315,0.0,Azadirachta indica
0.5297073,1.0,Azadirachta indica
0.5176928,1.0,Azadirachta indica
0.532254,0.0,Azadirachta indica
0.5212145,1.0,Azadirachta indica
0.53505015,1.0,Azadirachta indica
0.4950931,0.0,Azadirachta indica
0.5127254,0.0,Azadirachta indica
0.5256844,1.0,Azadirachta indica
0.49590993,0.0,Azadirachta indica
0.5139726,0.0,Azadirachta indica
0.50653845,0.0,Azadirachta indica
0.48736465,0.0,Azadirachta indica
0.5159895,1.0,Azadirachta indica
0.53342533,0.0,Azadirachta indica
0.47870243,1.0,Azadirachta indica
0.543668,1.0,Azadirachta indica
0.53158593,1.0,Azadirachta indica
0.5362878,1.0,Azadirachta indica
0.5030193,1.0,Azadirachta indica
0.5266554,1.0,Azadirachta indica
0.5552428,1.0,Azadirachta indica
0.5409657,0.0,Azadirachta indica
0.5103189,0.0,Azadirachta indica
0.539209,1.0,Azadirachta indica
0.51301163,0.0,Azadirachta indica
0.529925,1.0,Azadirachta indica
0.5083992,0.0,Azadirachta indica
0.5063405,1.0,Azadirachta indica
0.50461227,0.0,Azadirachta indica
0.49802497,0.0,Azadirachta indica
0.5128456,0.0,Azadirachta indica
0.5073012,1.0,Azadirachta indica
0.5131032,0.0,Azadirachta indica
0.51461107,0.0,Azadirachta indica
0.5326166,0.0,Azadirachta indica
0.5422629,1.0,Azadirachta indica
0.52084005,0.0,Azadirachta indica
0.50250083,0.0,Azadirachta indica
0.51827896,0.0,Azadirachta indica
0.54367197,0.0,Azadirachta indica
0.54457915,1.0,Azadirachta indica
0.51260453,0.0,Azadirachta indica
0.51928115,1.0,Azadirachta indica
0.49754873,1.0,Azadirachta indica
0.51938,1.0,Azadirachta indica
0.47644722,1.0,Azadirachta indica
0.50894403,1.0,Azadirachta indica
0.53075635,0.0,Azadirachta indica
0.50149745,1.0,Azadirachta indica
0.49837464,0.0,Azadirachta indica
0.5147323,1.0,Azadirachta indica
0.5124009,0.0,Azadirachta indica
0.5266717,0.0,Azadirachta indica
0.5116374,1.0,Azadirachta indica
0.5199353,0.0,Azadirachta indica
0.52075887,0.0,Azadirachta indica
0.4993751,0.0,Azadirachta indica
0.5090051,0.0,Azadirachta indica
0.54390574,0.0,Azadirachta indica
0.5216549,0.0,Azadirachta indica
0.5394744,1.0,Azadirachta indica
0.5152606,0.0,Azadirachta indica
0.53044707,1.0,Azadirachta indica
0.5060989,1.0,Azadirachta indica
0.518988,0.0,Azadirachta indica
0.5427036,0.0,Azadirachta indica
0.53391707,0.0,Azadirachta indica
0.517617,1.0,Azadirachta indica
0.51430976,0.0,Azadirachta indica
0.51815575,1.0,Azadirachta indica
0.5189123,0.0,Azadirachta indica
0.49848795,0.0,Azadirachta indica
0.53745234,1.0,Azadirachta indica
0.5074417,0.0,Azadirachta indica
0.5043997,1.0,Azadirachta indica
0.51169527,1.0,Azadirachta indica
0.53187263,0.0,Azadirachta indica
0.5091128,0.0,Azadirachta indica
0.5109185,0.0,Azadirachta indica
0.52380764,1.0,Azadirachta indica
0.5124838,1.0,Azadirachta indica
0.51809126,1.0,Azadirachta indica
0.51730216,0.0,Azadirachta indica
0.530837,0.0,Azadirachta indica
0.52729213,0.0,Azadirachta indica
0.5171172,0.0,Azadirachta indica
0.5147095,0.0,Azadirachta indica
0.512775,1.0,Azadirachta indica
0.56591725,1.0,Azadirachta indica
0.51646537,1.0,Azadirachta indica
0.467917,0.0,Azadirachta indica
0.5168879,0.0,Azadirachta indica
0.47814083,0.0,Azadirachta indica
0.5224613,0.0,Azadirachta indica
0.54652137,1.0,Azadirachta indica
0.5371131,0.0,Azadirachta indica
0.51971674,0.0,Azadirachta indica
0.5141005,0.0,Azadirachta indica
0.5084793,0.0,Azadirachta indica
0.51487416,0.0,Azadirachta indica
0.5188009,0.0,Azadirachta indica
0.54209846,0.0,Azadirachta indica
0.51553345,1.0,Azadirachta indica
0.51903725,1.0,Azadirachta indica
0.49458018,0.0,Azadirachta indica
0.51355743,0.0,Azadirachta indica
0.5011898,1.0,Azadirachta indica
0.5129461,0.0,Azadirachta indica
0.50571424,1.0,Azadirachta indica
0.5005156,1.0,Azadirachta indica
0.5250554,0.0,Azadirachta indica
0.52125275,0.0,Azadirachta indica
0.49957222,0.0,Azadirachta indica
0.50376,1.0,Azadirachta indica
0.4814104,0.0,Azadirachta indica
0.5189711,1.0,Azadirachta indica
0.5430454,0.0,Azadirachta indica
0.5219246,0.0,Azadirachta indica
0.49114943,0.0,Azadirachta indica
0.53671694,0.0,Azadirachta indica
0.5068919,1.0,Azadirachta indica
0.5059043,1.0,Azadirachta indica
0.4987404,0.0,Azadirachta indica
0.49749863,1.0,Azadirachta indica
0.4929196,1.0,Azadirachta indica
0.50897443,1.0,Azadirachta indica
0.5174697,1.0,Azadirachta indica
0.52041054,1.0,Azadirachta indica
0.5211039,0.0,Azadirachta indica
0.5209949,0.0,Azadirachta indica
0.5157905,1.0,Azadirachta indica
0.51519346,0.0,Azadirachta indica
0.5049525,0.0,Azadirachta indica
0.53625154,0.0,Azadirachta indica
0.52374315,0.0,Azadirachta indica
0.5225183,0.0,Azadirachta indica
0.53372395,1.0,Azadirachta indica
0.5745788,1.0,Azadirachta indica
0.51131403,1.0,Azadirachta indica
0.5031266,1.0,Azadirachta indica
0.5377887,1.0,Azadirachta indica
0.49925736,0.0,Azadirachta indica
0.5123489,0.0,Azadirachta indica
0.5176811,1.0,Azadirachta indica
0.5488533,0.0,Azadirachta indica
0.5245351,1.0,Azadirachta indica
0.51075965,0.0,Azadirachta indica
0.51631683,1.0,Azadirachta indica
0.52907366,0.0,Azadirachta indica
0.5203971,0.0,Azadirachta indica
0.51532596,1.0,Azadirachta indica
0.524278,0.0,Azadirachta indica
0.50522906,1.0,Azadirachta indica
0.50975126,1.0,Azadirachta indica
0.5141751,0.0,Azadirachta indica
0.48985213,0.0,Azadirachta indica
0.529443,0.0,Azadirachta indica
0.5007702,1.0,Azadirachta indica
0.50333893,1.0,Azadirachta indica
0.532591,1.0,Azadirachta indica
0.52378255,1.0,Azadirachta indica
0.5013066,0.0,Azadirachta indica
0.513479,0.0,Azadirachta indica
0.53179574,1.0,Azadirachta indica
0.51648307,1.0,Azadirachta indica
0.5148212,1.0,Azadirachta indica
0.5384449,0.0,Azadirachta indica
0.51089025,0.0,Azadirachta indica
0.5476356,0.0,Azadirachta indica
0.5303864,0.0,Azadirachta indica
0.5143582,0.0,Azadirachta indica
0.55398816,0.0,Azadirachta indica
0.5469873,0.0,Azadirachta indica
0.49232143,1.0,Azadirachta indica
0.5187354,0.0,Azadirachta indica
0.50303584,0.0,Azadirachta indica
0.51230663,1.0,Azadirachta indica
0.52603996,0.0,Azadirachta indica
0.525078,0.0,Azadirachta indica
0.51501536,0.0,Azadirachta indica
0.5111171,1.0,Azadirachta indica
0.5257106,0.0,Azadirachta indica
0.4849364,0.0,Azadirachta indica
0.5241835,1.0,Azadirachta indica
0.521517,0.0,Azadirachta indica
0.509753,0.0,Azadirachta indica
0.5070844,0.0,Azadirachta indica
0.505461,0.0,Azadirachta indica
0.5397154,1.0,Azadirachta indica
0.53168505,0.0,Azadirachta indica
0.49314532,0.0,Azadirachta indica
0.50187415,1.0,Azadirachta indica
0.50586486,0.0,Azadirachta indica
0.5346783,1.0,Azadirachta indica
0.50842214,0.0,Azadirachta indica
0.51933956,0.0,Azadirachta indica
0.5163896,1.0,Azadirachta indica
0.4457558,0.0,Azadirachta indica
0.51603174,1.0,Azadirachta indica
0.522275,0.0,Azadirachta indica
0.51709795,0.0,Azadirachta indica
0.50404185,1.0,Azadirachta indica
0.50217825,0.0,Azadirachta indica
0.52530646,1.0,Azadirachta indica
0.5072045,1.0,Azadirachta indica
0.5255992,1.0,Azadirachta indica
0.5363329,1.0,Azadirachta indica
0.5204414,0.0,Azadirachta indica
0.5146531,0.0,Azadirachta indica
0.5457535,0.0,Azadirachta indica
0.5064316,0.0,Azadirachta indica
0.51778173,1.0,Azadirachta indica
0.50714827,0.0,Azadirachta indica
0.50049376,1.0,Azadirachta indica
0.49325266,0.0,Azadirachta indica
0.5420747,1.0,Azadirachta indica
0.51866585,1.0,Azadirachta indica
0.5174857,0.0,Azadirachta indica
0.50554377,0.0,Azadirachta indica
0.5271893,1.0,Azadirachta indica
0.47710982,1.0,Azadirachta indica
0.52131194,0.0,Azadirachta indica
0.5201674,1.0,Azadirachta indica
0.50999904,0.0,Azadirachta indica
0.5116428,0.0,Azadirachta indica
0.5083239,1.0,Azadirachta indica
0.52986217,1.0,Azadirachta indica
0.5008116,1.0,Azadirachta indica
0.4941235,1.0,Azadirachta indica
0.5237114,1.0,Azadirachta indica
0.5073903,1.0,Azadirachta indica
0.49666387,0.0,Azadirachta indica
0.54071087,0.0,Azadirachta indica
0.5183059,0.0,Azadirachta indica
0.50166976,0.0,Azadirachta indica
0.5036413,0.0,Azadirachta indica
0.49961072,1.0,Azadirachta indica
0.5543213,0.0,Azadirachta indica
0.50341994,0.0,Azadirachta indica
0.49846053,1.0,Azadirachta indica
0.5468439,0.0,Azadirachta indica
0.5115797,1.0,Azadirachta indica
0.5174823,0.0,Azadirachta indica
0.5337587,0.0,Azadirachta indica
0.51648945,0.0,Azadirachta indica
0.5236992,1.0,Azadirachta indica
0.5061658,0.0,Azadirachta indica
0.52107936,0.0,Azadirachta indica
0.5092756,1.0,Azadirachta indica
0.51384914,0.0,Azadirachta indica
0.5445596,0.0,Azadirachta indica
0.5576697,1.0,Azadirachta indica
0.52008134,0.0,Azadirachta indica
0.522392,1.0,Azadirachta indica
0.5257723,0.0,Azadirachta indica
0.52995247,1.0,Azadirachta indica
0.53241146,1.0,Azadirachta indica
0.4927027,0.0,Azadirachta indica
0.51658267,0.0,Azadirachta indica
0.49035838,0.0,Azadirachta indica
0.5335226,0.0,Azadirachta indica
0.5358661,1.0,Azadirachta indica
0.51845074,0.0,Azadirachta indica
0.5480302,0.0,Azadirachta indica
0.5049629,0.0,Azadirachta indica
0.49157065,1.0,Azadirachta indica
0.5040177,0.0,Azadirachta indica
0.4974557,0.0,Azadirachta indica
0.51441455,0.0,Azadirachta indica
0.52929395,0.0,Azadirachta indica
0.5024016,1.0,Azadirachta indica
0.538734,0.0,Azadirachta indica
0.48819852,0.0,Azadirachta indica
0.48708156,0.0,Azadirachta indica
0.519703,0.0,Azadirachta indica
0.51311237,1.0,Azadirachta indica
0.53152394,1.0,Azadirachta indica
0.5256263,1.0,Azadirachta indica
0.5279848,0.0,Azadirachta indica
0.519952,0.0,Azadirachta indica
0.51290685,1.0,Azadirachta indica
0.51949745,0.0,Azadirachta indica
0.2020389,1.0,Azadirachta indica
0.51556766,0.0,Azadirachta indica
0.48885438,1.0,Azadirachta indica
0.50805676,1.0,Azadirachta indica
0.49723765,0.0,Azadirachta indica
0.50177693,0.0,Azadirachta indica
0.49773815,0.0,Azadirachta indica
0.53166604,0.0,Azadirachta indica
0.52680635,0.0,Azadirachta indica
0.503424,0.0,Azadirachta indica
0.5076862,0.0,Azadirachta indica
0.51590776,0.0,Azadirachta indica
0.5096505,0.0,Azadirachta indica
0.50682217,0.0,Azadirachta indica
0.503771,1.0,Azadirachta indica
0.49450228,1.0,Azadirachta indica
0.52966726,0.0,Azadirachta indica
0.49595496,0.0,Azadirachta indica
0.5304768,0.0,Azadirachta indica
0.53115034,0.0,Azadirachta indica
0.5653372,0.0,Azadirachta indica
0.5346847,0.0,Azadirachta indica
0.52805656,1.0,Azadirachta indica
0.5577799,0.0,Azadirachta indica
0.45677778,1.0,Azadirachta indica
0.5218435,1.0,Azadirachta indica
0.50161934,0.0,Azadirachta indica
0.51602834,0.0,Azadirachta indica
0.5296152,0.0,Azadirachta indica
0.5076006,1.0,Azadirachta indica
0.5080729,1.0,Azadirachta indica
0.5158963,0.0,Azadirachta indica
0.50465953,0.0,Azadirachta indica
0.50553894,0.0,Azadirachta indica
0.5122993,1.0,Azadirachta indica
0.51486874,0.0,Azadirachta indica
0.51025945,0.0,Azadirachta indica
0.49934807,1.0,Azadirachta indica
0.5229766,1.0,Azadirachta indica
0.5071914,1.0,Azadirachta indica
0.5204456,0.0,Azadirachta indica
0.51917183,0.0,Azadirachta indica
0.5036464,0.0,Azadirachta indica
0.507402,0.0,Azadirachta indica
0.5278254,0.0,Azadirachta indica
0.506758,0.0,Azadirachta indica
0.50337553,0.0,Azadirachta indica
0.50292253,1.0,Azadirachta indica
0.5167586,1.0,Azadirachta indica
0.52322274,0.0,Azadirachta indica
0.52220017,0.0,Azadirachta indica
0.5217483,1.0,Azadirachta indica
0.5158338,1.0,Azadirachta indica
0.49809867,1.0,Azadirachta indica
0.51816136,0.0,Azadirachta indica
0.51309216,0.0,Azadirachta indica
0.525777,1.0,Azadirachta indica
0.5177303,0.0,Azadirachta indica
0.5017954,0.0,Azadirachta indica
0.49290836,0.0,Azadirachta indica
0.5266827,0.0,Azadirachta indica
0.56883365,1.0,Azadirachta indica
0.5181477,1.0,Azadirachta indica
0.50560856,1.0,Azadirachta indica
0.52823645,1.0,Azadirachta indica
0.5484748,1.0,Azadirachta indica
0.5064084,0.0,Azadirachta indica
0.5422756,0.0,Azadirachta indica
0.5123499,1.0,Azadirachta indica
0.52149695,0.0,Azadirachta indica
0.5109251,0.0,Azadirachta indica
0.51857334,0.0,Azadirachta indica
0.5169386,1.0,Azadirachta indica
0.51515496,0.0,Azadirachta indica
0.54361606,1.0,Azadirachta indica
0.5216631,0.0,Azadirachta indica
0.51775855,0.0,Azadirachta indica
0.5195983,0.0,Azadirachta indica
0.5215601,0.0,Azadirachta indica
0.5302946,0.0,Azadirachta indica
0.51419574,0.0,Azadirachta indica
0.5372748,0.0,Azadirachta indica
0.50219625,0.0,Azadirachta indica
0.51221484,1.0,Azadirachta indica
0.51595277,1.0,Azadirachta indica
0.51175123,0.0,Azadirachta indica
0.5177799,1.0,Azadirachta indica
0.5294923,1.0,Azadirachta indica
0.5293329,0.0,Azadirachta indica
0.51874936,0.0,Azadirachta indica
0.5216568,0.0,Azadirachta indica
0.523419,0.0,Azadirachta indica
0.518494,1.0,Azadirachta indica
0.5257614,1.0,Azadirachta indica
0.546115,0.0,Azadirachta indica
0.50646603,1.0,Azadirachta indica
0.5127277,1.0,Azadirachta indica
0.49326375,0.0,Azadirachta indica
0.520522,1.0,Azadirachta indica
0.5384639,0.0,Azadirachta indica
0.5416591,1.0,Azadirachta indica
0.510983,0.0,Azadirachta indica
0.51407456,1.0,Azadirachta indica
0.53536475,0.0,Azadirachta indica
0.50975055,1.0,Azadirachta indica
0.4984813,0.0,Azadirachta indica
0.5429126,1.0,Azadirachta indica
0.5528597,0.0,Azadirachta indica
0.48969942,1.0,Azadirachta indica
0.52050734,1.0,Azadirachta indica
0.52790546,0.0,Azadirachta indica
0.5332255,0.0,Azadirachta indica
0.51025605,0.0,Azadirachta indica
0.5267655,0.0,Azadirachta indica
0.5185656,0.0,Azadirachta indica
0.5329643,0.0,Azadirachta indica
0.5156757,0.0,Azadirachta indica
0.5140801,0.0,Azadirachta indica
0.51344246,1.0,Azadirachta indica
0.5090891,0.0,Azadirachta indica
0.522732,0.0,Azadirachta indica
0.5046962,1.0,Azadirachta indica
0.52332425,0.0,Azadirachta indica
0.5341207,0.0,Azadirachta indica
0.52825457,0.0,Azadirachta indica
0.50453717,1.0,Azadirachta indica
0.5702454,1.0,Azadirachta indica
0.51823145,0.0,Azadirachta indica
0.547927,0.0,Azadirachta indica
0.53032637,1.0,Azadirachta indica
0.5184702,0.0,Azadirachta indica
0.49879774,1.0,Azadirachta indica
0.5701403,0.0,Azadirachta indica
0.5171123,0.0,Azadirachta indica
0.51323825,0.0,Azadirachta indica
0.5103015,0.0,Azadirachta indica
0.4976828,0.0,Azadirachta indica
0.5296331,1.0,Azadirachta indica
0.51663405,0.0,Azadirachta indica
0.518655,0.0,Azadirachta indica
0.5116826,0.0,Azadirachta indica
0.5028043,0.0,Azadirachta indica
0.4991617,1.0,Azadirachta indica
0.5209246,0.0,Azadirachta indica
0.51766646,0.0,Azadirachta indica
0.48052898,1.0,Azadirachta indica
0.51862496,0.0,Azadirachta indica
0.5095825,1.0,Azadirachta indica
0.5068919,1.0,Azadirachta indica
0.5317467,0.0,Azadirachta indica
0.46108317,1.0,Azadirachta indica
0.5284664,0.0,Azadirachta indica
0.5032141,0.0,Azadirachta indica
0.56224704,0.0,Azadirachta indica
0.5148468,0.0,Azadirachta indica
0.46828988,0.0,Azadirachta indica
0.5142865,0.0,Azadirachta indica
0.51659775,1.0,Azadirachta indica
0.5138714,0.0,Azadirachta indica
0.52180797,1.0,Azadirachta indica
0.5103378,0.0,Azadirachta indica
0.5119154,0.0,Azadirachta indica
0.50653845,0.0,Azadirachta indica
0.54113305,0.0,Azadirachta indica
0.52164364,0.0,Azadirachta indica
0.5133099,0.0,Azadirachta indica
0.51191765,0.0,Azadirachta indica
0.46336362,0.0,Azadirachta indica
0.53077185,1.0,Azadirachta indica
0.5331791,1.0,Azadirachta indica
0.45800054,0.0,Azadirachta indica
0.5292254,0.0,Azadirachta indica
0.515071,0.0,Azadirachta indica
0.5129211,0.0,Azadirachta indica
0.52087706,0.0,Azadirachta indica
0.5202467,1.0,Azadirachta indica
0.52345884,1.0,Azadirachta indica
0.51582795,1.0,Azadirachta indica
0.49487078,1.0,Azadirachta indica
0.5216188,1.0,Azadirachta indica
0.5356627,0.0,Azadirachta indica
0.5096478,0.0,Azadirachta indica
0.5254009,0.0,Azadirachta indica
0.50183845,0.0,Azadirachta indica
0.5340503,0.0,Azadirachta indica
0.52469313,0.0,Azadirachta indica
0.5072297,1.0,Azadirachta indica
0.52183855,1.0,Azadirachta indica
0.5284143,0.0,Azadirachta indica
0.5199091,1.0,Azadirachta indica
0.5225102,0.0,Azadirachta indica
0.5138635,0.0,Azadirachta indica
0.4919189,0.0,Azadirachta indica
0.51606137,0.0,Azadirachta indica
0.5012072,0.0,Azadirachta indica
0.5063062,0.0,Azadirachta indica
0.50748205,1.0,Azadirachta indica
0.51292235,0.0,Azadirachta indica
0.49536932,0.0,Azadirachta indica
0.502037,1.0,Azadirachta indica
0.5039501,1.0,Azadirachta indica
0.51542294,1.0,Azadirachta indica
0.49912465,1.0,Azadirachta indica
0.52266514,0.0,Azadirachta indica
0.56661415,0.0,Azadirachta indica
0.52724653,1.0,Azadirachta indica
0.51607484,1.0,Azadirachta indica
0.5359634,0.0,Azadirachta indica
0.5449846,0.0,Azadirachta indica
0.55000365,1.0,Azadirachta indica
0.519197,0.0,Azadirachta indica
0.5130135,1.0,Azadirachta indica
0.49583125,1.0,Azadirachta indica
0.5147792,0.0,Azadirachta indica
0.52269006,0.0,Azadirachta indica
0.5222596,0.0,Azadirachta indica
0.5595828,1.0,Azadirachta indica
0.54116976,1.0,Azadirachta indica
0.4996319,1.0,Azadirachta indica
0.5382016,1.0,Azadirachta indica
0.5056709,1.0,Azadirachta indica
0.5361334,0.0,Azadirachta indica
0.5112567,0.0,Azadirachta indica
0.51597303,1.0,Azadirachta indica
0.51521444,1.0,Azadirachta indica
0.5143915,1.0,Azadirachta indica
0.50570685,0.0,Azadirachta indica
0.51113635,1.0,Azadirachta indica
0.51760525,0.0,Azadirachta indica
0.51350546,0.0,Azadirachta indica
0.50092447,0.0,Azadirachta indica
0.5292147,0.0,Azadirachta indica
0.52052546,0.0,Azadirachta indica
0.52797705,1.0,Azadirachta indica
0.49470368,1.0,Azadirachta indica
0.5103149,0.0,Azadirachta indica
0.51685876,0.0,Azadirachta indica
0.50239944,0.0,Azadirachta indica
0.5189112,0.0,Azadirachta indica
0.50351965,0.0,Azadirachta indica
0.5139702,1.0,Azadirachta indica
0.52049845,0.0,Azadirachta indica
0.5285762,0.0,Azadirachta indica
0.5362124,1.0,Azadirachta indica
0.52439964,0.0,Azadirachta indica
0.5143759,0.0,Azadirachta indica
0.5200799,0.0,Azadirachta indica
0.51623964,1.0,Azadirachta indica
0.50293887,0.0,Azadirachta indica
0.50189227,0.0,Azadirachta indica
0.51378274,0.0,Azadirachta indica
0.49425018,1.0,Azadirachta indica
0.515441,0.0,Azadirachta indica
0.52467954,0.0,Azadirachta indica
0.51944494,0.0,Azadirachta indica
0.51856625,0.0,Azadirachta indica
0.5137422,0.0,Azadirachta indica
0.5150256,0.0,Azadirachta indica
0.5016464,0.0,Azadirachta indica
0.52029955,1.0,Azadirachta indica
0.52272063,1.0,Azadirachta indica
0.50706667,0.0,Azadirachta indica
0.5182625,0.0,Azadirachta indica
0.49912405,1.0,Azadirachta indica
0.48938048,0.0,Azadirachta indica
0.50540036,0.0,Azadirachta indica
0.5218618,0.0,Azadirachta indica
0.5063816,0.0,Azadirachta indica
0.53281957,1.0,Azadirachta indica
0.50589216,1.0,Azadirachta indica
0.50204104,1.0,Azadirachta indica
0.5077341,0.0,Azadirachta indica
0.5099305,0.0,Azadirachta indica
0.5196716,0.0,Azadirachta indica
0.49573034,0.0,Azadirachta indica
0.49972686,1.0,Azadirachta indica
0.5269759,0.0,Azadirachta indica
0.5386308,1.0,Azadirachta indica
0.5228699,0.0,Azadirachta indica
0.49189788,0.0,Azadirachta indica
0.52081424,1.0,Azadirachta indica
0.51209056,0.0,Azadirachta indica
0.5282224,0.0,Azadirachta indica
0.52832407,1.0,Azadirachta indica
0.5301691,0.0,Azadirachta indica
0.50665754,1.0,Azadirachta indica
0.5197916,0.0,Azadirachta indica
0.50635004,0.0,Azadirachta indica
0.4789033,1.0,Azadirachta indica
0.52035,1.0,Azadirachta indica
0.5176426,1.0,Azadirachta indica
0.51191634,0.0,Azadirachta indica
0.515186,0.0,Azadirachta indica
0.4996824,0.0,Azadirachta indica
0.5097135,0.0,Azadirachta indica
0.50981843,0.0,Azadirachta indica
0.5051623,1.0,Azadirachta indica
0.5209885,0.0,Azadirachta indica
0.51319176,0.0,Azadirachta indica
0.552879,0.0,Azadirachta indica
0.5075475,1.0,Azadirachta indica
0.5247962,1.0,Azadirachta indica
0.5080985,1.0,Azadirachta indica
0.48597383,1.0,Azadirachta indica
0.5043917,1.0,Azadirachta indica
0.5271898,1.0,Azadirachta indica
0.50773495,0.0,Azadirachta indica
0.4876431,0.0,Azadirachta indica
0.48223078,0.0,Azadirachta indica
0.53784734,0.0,Azadirachta indica
0.52605253,0.0,Azadirachta indica
0.48829004,0.0,Azadirachta indica
0.5443004,1.0,Azadirachta indica
0.52741414,1.0,Azadirachta indica
0.5242557,0.0,Azadirachta indica
0.50741893,0.0,Azadirachta indica
0.49591896,1.0,Azadirachta indica
0.49586254,1.0,Azadirachta indica
0.50413847,0.0,Azadirachta indica
0.513177,0.0,Azadirachta indica
0.48059967,0.0,Azadirachta indica
0.5314399,1.0,Azadirachta indica
0.5447893,0.0,Azadirachta indica
0.4943963,1.0,Azadirachta indica
0.5494337,1.0,Azadirachta indica
0.50921905,0.0,Azadirachta indica
0.52714634,1.0,Azadirachta indica
0.51953715,0.0,Azadirachta indica
0.528572,0.0,Azadirachta indica
0.50897986,1.0,Azadirachta indica
0.5223351,0.0,Azadirachta indica
0.53953016,1.0,Azadirachta indica
0.51718765,0.0,Azadirachta indica
0.52270013,0.0,Azadirachta indica
0.503469,1.0,Azadirachta indica
0.52955115,0.0,Azadirachta indica
0.51930326,0.0,Azadirachta indica
0.5527225,0.0,Azadirachta indica
0.5143163,1.0,Azadirachta indica
0.5207703,1.0,Azadirachta indica
0.52487206,0.0,Azadirachta indica
0.50235,1.0,Azadirachta indica
0.5258673,0.0,Azadirachta indica
0.56594664,1.0,Azadirachta indica
0.45380357,1.0,Azadirachta indica
0.5381894,0.0,Azadirachta indica
0.5148963,0.0,Azadirachta indica
0.5353537,0.0,Azadirachta indica
0.51048416,1.0,Azadirachta indica
0.52593213,0.0,Azadirachta indica
0.51542836,0.0,Azadirachta indica
0.5304679,0.0,Azadirachta indica
0.5408894,0.0,Azadirachta indica
0.5015512,1.0,Azadirachta indica
0.5182639,0.0,Azadirachta indica
0.5002893,0.0,Azadirachta indica
0.4974673,0.0,Azadirachta indica
0.5103773,0.0,Azadirachta indica
0.518169,0.0,Azadirachta indica
0.5525973,0.0,Azadirachta indica
0.54494745,0.0,Azadirachta indica
0.5020041,0.0,Azadirachta indica
0.51298815,0.0,Azadirachta indica
0.5189353,0.0,Azadirachta indica
0.5338016,0.0,Azadirachta indica
0.4924704,0.0,Azadirachta indica
0.52024204,0.0,Azadirachta indica
0.51253855,0.0,Azadirachta indica
0.51341677,1.0,Azadirachta indica
0.538187,0.0,Azadirachta indica
0.51539737,0.0,Azadirachta indica
0.52286327,1.0,Azadirachta indica
0.5125432,0.0,Azadirachta indica
0.5064033,0.0,Azadirachta indica
0.510166,0.0,Azadirachta indica
0.5370682,0.0,Azadirachta indica
0.5175888,0.0,Azadirachta indica
0.4831756,0.0,Azadirachta indica
0.46795145,1.0,Azadirachta indica
0.5249102,0.0,Azadirachta indica
0.5126137,0.0,Azadirachta indica
0.5081362,1.0,Azadirachta indica
0.51832193,0.0,Azadirachta indica
0.5374189,0.0,Azadirachta indica
0.5451248,1.0,Azadirachta indica
0.5050398,1.0,Azadirachta indica
0.51234347,1.0,Azadirachta indica
0.51491016,0.0,Azadirachta indica
0.5129913,0.0,Azadirachta indica
0.5154923,0.0,Azadirachta indica
0.4895834,1.0,Azadirachta indica
0.51189905,0.0,Azadirachta indica
0.5181669,1.0,Azadirachta indica
0.513739,1.0,Azadirachta indica
0.5059808,0.0,Azadirachta indica
0.5047002,1.0,Azadirachta indica
0.531658,1.0,Azadirachta indica
0.4861232,0.0,Azadirachta indica
0.50799626,0.0,Azadirachta indica
0.52673894,0.0,Azadirachta indica
0.5164734,0.0,Azadirachta indica
0.5208754,1.0,Azadirachta indica
0.54790753,0.0,Azadirachta indica
0.5175522,0.0,Azadirachta indica
0.5178791,0.0,Azadirachta indica
0.54515773,1.0,Azadirachta indica
0.55332303,0.0,Azadirachta indica
0.49626046,0.0,Azadirachta indica
0.5194866,0.0,Azadirachta indica
0.5070485,1.0,Azadirachta indica
0.40635344,0.0,Azadirachta indica
0.54948306,0.0,Azadirachta indica
0.4613125,0.0,Azadirachta indica
0.51046634,1.0,Azadirachta indica
0.5164457,0.0,Azadirachta indica
0.4958895,0.0,Azadirachta indica
0.5278951,0.0,Azadirachta indica
0.5009472,0.0,Azadirachta indica
0.5239183,1.0,Azadirachta indica
0.53322417,0.0,Azadirachta indica
0.51175123,0.0,Azadirachta indica
0.5168182,1.0,Azadirachta indica
0.5736815,0.0,Azadirachta indica
0.5059742,0.0,Azadirachta indica
0.53447425,1.0,Azadirachta indica
0.49082366,1.0,Azadirachta indica
0.5095902,0.0,Azadirachta indica
0.5062539,0.0,Azadirachta indica
0.5099852,1.0,Azadirachta indica
0.58121014,0.0,Azadirachta indica
0.5106499,0.0,Azadirachta indica
0.51692647,0.0,Azadirachta indica
0.5215382,1.0,Azadirachta indica
0.46921882,0.0,Azadirachta indica
0.50239944,0.0,Azadirachta indica
0.5157726,0.0,Azadirachta indica
0.51061684,0.0,Azadirachta indica
0.50666505,1.0,Azadirachta indica
0.5073008,0.0,Azadirachta indica
0.5530843,1.0,Azadirachta indica
0.50208384,1.0,Azadirachta indica
0.5203733,0.0,Azadirachta indica
0.5407251,1.0,Azadirachta indica
0.5282188,0.0,Azadirachta indica
0.5117112,1.0,Azadirachta indica
0.544597,0.0,Azadirachta indica
0.5052893,0.0,Azadirachta indica
0.48831967,0.0,Azadirachta indica
0.4642785,0.0,Azadirachta indica
0.5065318,0.0,Azadirachta indica
0.55800676,0.0,Azadirachta indica
0.5350039,0.0,Azadirachta indica
0.508067,0.0,Azadirachta indica
0.5206456,1.0,Azadirachta indica
0.5185344,1.0,Azadirachta indica
0.52572167,1.0,Azadirachta indica
0.5074826,0.0,Azadirachta indica
0.4916057,1.0,Azadirachta indica
0.5134598,0.0,Azadirachta indica
0.5021699,1.0,Azadirachta indica
0.48712704,0.0,Azadirachta indica
0.5276936,0.0,Azadirachta indica
0.5263295,1.0,Azadirachta indica
0.52422744,0.0,Azadirachta indica
0.5236008,0.0,Azadirachta indica
0.51955557,1.0,Azadirachta indica
0.5051775,0.0,Azadirachta indica
0.5285397,0.0,Azadirachta indica
0.53921694,1.0,Azadirachta indica
0.5181684,0.0,Azadirachta indica
0.5212159,0.0,Azadirachta indica
0.47095442,0.0,Azadirachta indica
0.5371308,0.0,Azadirachta indica
0.49072796,0.0,Azadirachta indica
0.5094539,0.0,Azadirachta indica
0.5515833,0.0,Azadirachta indica
0.5221076,0.0,Azadirachta indica
0.51992255,0.0,Azadirachta indica
0.5168722,1.0,Azadirachta indica
0.51203424,0.0,Azadirachta indica
0.49618566,0.0,Azadirachta indica
0.543835,1.0,Azadirachta indica
0.5079483,0.0,Azadirachta indica
0.51786447,0.0,Azadirachta indica
0.5144983,0.0,Azadirachta indica
0.5269125,1.0,Azadirachta indica
0.49034303,0.0,Azadirachta indica
0.489542,1.0,Azadirachta indica
0.5123921,0.0,Azadirachta indica
0.5289519,0.0,Azadirachta indica
0.5014309,0.0,Azadirachta indica
0.5168885,0.0,Azadirachta indica
0.50549096,0.0,Azadirachta indica
0.54357463,0.0,Azadirachta indica
0.5175486,1.0,Azadirachta indica
0.52336425,0.0,Azadirachta indica
0.50917566,1.0,Azadirachta indica
0.50290793,0.0,Azadirachta indica
0.5079732,0.0,Azadirachta indica
0.5076499,1.0,Azadirachta indica
0.51741356,0.0,Azadirachta indica
0.52667236,0.0,Azadirachta indica
0.5152587,0.0,Azadirachta indica
0.53832984,0.0,Azadirachta indica
0.5189592,1.0,Azadirachta indica
0.54550964,0.0,Azadirachta indica
0.5214268,1.0,Azadirachta indica
0.4971688,0.0,Azadirachta indica
0.52377266,0.0,Azadirachta indica
0.52746755,0.0,Azadirachta indica
0.51730216,1.0,Azadirachta indica
0.52469224,0.0,Azadirachta indica
0.521131,0.0,Azadirachta indica
0.5154184,1.0,Azadirachta indica
0.5079214,0.0,Azadirachta indica
0.5088909,0.0,Azadirachta indica
0.5212461,1.0,Azadirachta indica
0.529754,1.0,Azadirachta indica
0.53449446,1.0,Azadirachta indica
0.50916773,1.0,Azadirachta indica
0.51110756,1.0,Azadirachta indica
0.5527429,0.0,Azadirachta indica
0.51603174,1.0,Azadirachta indica
0.5087868,1.0,Azadirachta indica
0.5164353,0.0,Azadirachta indica
0.52721506,0.0,Azadirachta indica
0.5422202,0.0,Azadirachta indica
0.528853,0.0,Azadirachta indica
0.5147054,1.0,Azadirachta indica
0.5230042,0.0,Azadirachta indica
0.5034221,0.0,Azadirachta indica
0.5112635,0.0,Azadirachta indica
0.50535387,0.0,Azadirachta indica
0.48999268,1.0,Azadirachta indica
0.50448567,0.0,Azadirachta indica
0.29075402,0.0,Azadirachta indica
0.5195757,1.0,Azadirachta indica
0.50087196,0.0,Azadirachta indica
0.5068399,1.0,Azadirachta indica
0.5247357,1.0,Azadirachta indica
0.5251132,0.0,Azadirachta indica
0.5258778,0.0,Azadirachta indica
0.5054125,1.0,Azadirachta indica
0.52743787,0.0,Azadirachta indica
0.54697704,1.0,Azadirachta indica
0.496109,0.0,Azadirachta indica
0.54433715,1.0,Azadirachta indica
0.5247493,1.0,Azadirachta indica
0.5061349,0.0,Azadirachta indica
0.55756843,1.0,Azadirachta indica
0.5369636,1.0,Azadirachta indica
0.51646054,0.0,Azadirachta indica
0.51276153,1.0,Azadirachta indica
0.5280277,1.0,Azadirachta indica
0.5039694,1.0,Azadirachta indica
0.5067324,0.0,Azadirachta indica
0.53032744,0.0,Azadirachta indica
0.5263533,1.0,Azadirachta indica
0.51534706,1.0,Azadirachta indica
0.51059663,0.0,Azadirachta indica
0.498274,1.0,Azadirachta indica
0.5180021,0.0,Azadirachta indica
0.5419568,1.0,Azadirachta indica
0.512721,0.0,Azadirachta indica
0.5110704,0.0,Azadirachta indica
0.5390913,1.0,Azadirachta indica
0.51680857,0.0,Azadirachta indica
0.5283191,0.0,Azadirachta indica
0.5222223,0.0,Azadirachta indica
0.526269,0.0,Azadirachta indica
0.49681148,0.0,Azadirachta indica
0.5198159,1.0,Azadirachta indica
0.50687176,0.0,Azadirachta indica
0.9934762,0.0,Azadirachta indica
0.517354,1.0,Azadirachta indica
0.501302,1.0,Azadirachta indica
0.5259249,0.0,Azadirachta indica
0.5119624,0.0,Azadirachta indica
0.48951575,0.0,Azadirachta indica
0.5041874,0.0,Azadirachta indica
0.51797426,0.0,Azadirachta indica
0.50486046,0.0,Azadirachta indica
0.50684744,0.0,Azadirachta indica
0.5049376,1.0,Azadirachta indica
0.52234614,0.0,Azadirachta indica
0.5075465,1.0,Azadirachta indica
0.51261127,0.0,Azadirachta indica
0.512341,1.0,Azadirachta indica
0.51899385,0.0,Azadirachta indica
0.4796893,0.0,Azadirachta indica
0.50837034,0.0,Azadirachta indica
0.5032667,0.0,Azadirachta indica
0.5164426,1.0,Azadirachta indica
0.53291607,0.0,Azadirachta indica
0.50451964,0.0,Azadirachta indica
0.5154043,1.0,Azadirachta indica
0.51577455,0.0,Azadirachta indica
0.5129565,0.0,Azadirachta indica
0.5111165,0.0,Azadirachta indica
0.53530896,0.0,Azadirachta indica
0.5305432,1.0,Azadirachta indica
0.53293854,0.0,Azadirachta indica
0.5156705,1.0,Azadirachta indica
0.53474313,1.0,Azadirachta indica
0.52874225,0.0,Azadirachta indica
0.54498,0.0,Azadirachta indica
0.538353,1.0,Azadirachta indica
0.4971471,1.0,Azadirachta indica
0.51871824,0.0,Azadirachta indica
0.5011368,1.0,Azadirachta indica
0.5223066,0.0,Azadirachta indica
0.5179502,0.0,Azadirachta indica
0.4924704,0.0,Azadirachta indica
0.49400273,0.0,Azadirachta indica
0.5089887,0.0,Azadirachta indica
0.5486618,0.0,Azadirachta indica
0.51102453,0.0,Azadirachta indica
0.51069665,0.0,Azadirachta indica
0.50160885,0.0,Azadirachta indica
0.51490206,0.0,Azadirachta indica
0.51456577,1.0,Azadirachta indica
0.51723367,0.0,Azadirachta indica
0.5169259,0.0,Azadirachta indica
0.5457386,1.0,Azadirachta indica
0.51626223,1.0,Azadirachta indica
0.5144895,0.0,Azadirachta indica
0.516497,0.0,Azadirachta indica
0.5299727,0.0,Azadirachta indica
0.5104641,0.0,Azadirachta indica
0.49759972,1.0,Azadirachta indica
0.52687234,0.0,Azadirachta indica
0.4778261,1.0,Azadirachta indica
0.5228356,1.0,Azadirachta indica
0.5240112,1.0,Azadirachta indica
0.52647865,1.0,Azadirachta indica
0.5190583,1.0,Azadirachta indica
0.53541493,0.0,Azadirachta indica
0.53148,0.0,Azadirachta indica
0.53174675,0.0,Azadirachta indica
0.5137166,0.0,Azadirachta indica
0.527394,1.0,Azadirachta indica
0.5036917,0.0,Azadirachta indica
0.5126538,1.0,Azadirachta indica
0.5288921,0.0,Azadirachta indica
0.5161895,0.0,Azadirachta indica
0.5351015,1.0,Azadirachta indica
0.49085018,0.0,Azadirachta indica
0.50945765,0.0,Azadirachta indica
0.48015723,0.0,Azadirachta indica
0.5157239,0.0,Azadirachta indica
0.5183288,0.0,Azadirachta indica
0.5162605,1.0,Azadirachta indica
0.5538737,1.0,Azadirachta indica
0.5265808,0.0,Azadirachta indica
0.5668208,0.0,Azadirachta indica
0.5228437,0.0,Azadirachta indica
0.50867313,1.0,Azadirachta indica
0.49747148,0.0,Azadirachta indica
0.5095079,1.0,Azadirachta indica
0.5206653,0.0,Azadirachta indica
0.4915134,1.0,Azadirachta indica
0.58885765,1.0,Azadirachta indica
0.50890917,0.0,Azadirachta indica
0.42903557,0.0,Azadirachta indica
0.5123646,0.0,Azadirachta indica
0.53111345,0.0,Azadirachta indica
0.53144836,0.0,Azadirachta indica
0.5298678,0.0,Azadirachta indica
0.531974,0.0,Azadirachta indica
0.5167763,0.0,Azadirachta indica
0.5171529,1.0,Azadirachta indica
0.53862536,0.0,Azadirachta indica
0.5361289,0.0,Azadirachta indica
0.51410794,0.0,Azadirachta indica
0.5313067,1.0,Azadirachta indica
0.50159496,0.0,Azadirachta indica
0.4730276,0.0,Azadirachta indica
0.50581247,1.0,Azadirachta indica
0.53659606,1.0,Azadirachta indica
0.49023345,1.0,Azadirachta indica
0.530918,1.0,Azadirachta indica
0.5460407,1.0,Azadirachta indica
0.5141592,1.0,Azadirachta indica
0.51800036,1.0,Azadirachta indica
0.53007025,0.0,Azadirachta indica
0.52500325,0.0,Azadirachta indica
0.50904685,0.0,Azadirachta indica
0.5113574,0.0,Azadirachta indica
0.5208755,0.0,Azadirachta indica
0.52422595,0.0,Azadirachta indica
0.5045915,1.0,Azadirachta indica
0.48052898,0.0,Azadirachta indica
0.5213114,1.0,Azadirachta indica
0.5158066,0.0,Azadirachta indica
0.53296083,1.0,Azadirachta indica
0.5138127,1.0,Azadirachta indica
0.52194834,0.0,Azadirachta indica
0.52682984,0.0,Azadirachta indica
0.5323986,1.0,Azadirachta indica
0.5864737,0.0,Azadirachta indica
0.5070393,0.0,Azadirachta indica
0.51692647,0.0,Azadirachta indica
0.48745963,1.0,Azadirachta indica
0.520843,0.0,Azadirachta indica
0.5016497,0.0,Azadirachta indica
0.50265646,0.0,Azadirachta indica
0.51326245,0.0,Azadirachta indica
0.5072219,0.0,Azadirachta indica
0.5172071,0.0,Azadirachta indica
0.54528964,1.0,Azadirachta indica
0.52253586,0.0,Azadirachta indica
0.51993036,1.0,Azadirachta indica
0.51575756,0.0,Azadirachta indica
0.49614123,0.0,Azadirachta indica
0.52423614,0.0,Azadirachta indica
0.5029223,0.0,Azadirachta indica
0.48688412,1.0,Azadirachta indica
0.4939737,0.0,Azadirachta indica
0.51877093,1.0,Azadirachta indica
0.5055903,1.0,Azadirachta indica
0.49658847,0.0,Azadirachta indica
0.51052964,1.0,Azadirachta indica
0.535567,0.0,Azadirachta indica
0.5182056,1.0,Azadirachta indica
0.53010315,1.0,Azadirachta indica
0.53784966,1.0,Azadirachta indica
0.52505636,1.0,Azadirachta indica
0.55058545,0.0,Azadirachta indica
0.53238297,0.0,Azadirachta indica
0.50517094,0.0,Azadirachta indica
0.51711786,0.0,Azadirachta indica
0.5213312,0.0,Azadirachta indica
0.5045416,0.0,Azadirachta indica
0.51136655,0.0,Azadirachta indica
0.5060067,0.0,Azadirachta indica
0.49563813,1.0,Azadirachta indica
0.48603556,1.0,Azadirachta indica
0.5355129,0.0,Azadirachta indica
0.48766413,1.0,Azadirachta indica
0.50585353,0.0,Azadirachta indica
0.51123273,0.0,Azadirachta indica
0.5225628,0.0,Azadirachta indica
0.5069146,0.0,Azadirachta indica
0.5267795,0.0,Azadirachta indica
0.5053573,0.0,Azadirachta indica
0.4874876,1.0,Azadirachta indica
0.5033189,0.0,Azadirachta indica
0.5382224,0.0,Azadirachta indica
0.51629853,1.0,Azadirachta indica
0.53892183,0.0,Azadirachta indica
0.5382061,1.0,Azadirachta indica
0.5258889,1.0,Azadirachta indica
0.5216492,0.0,Azadirachta indica
0.51368976,0.0,Azadirachta indica
0.5127232,0.0,Azadirachta indica
0.4953052,0.0,Azadirachta indica
0.49546131,1.0,Azadirachta indica
0.4979393,0.0,Azadirachta indica
0.5141375,0.0,Azadirachta indica
0.5213806,0.0,Azadirachta indica
0.50188667,1.0,Azadirachta indica
0.52290535,1.0,Azadirachta indica
0.5117153,1.0,Azadirachta indica
0.5031163,1.0,Azadirachta indica
0.52059245,0.0,Azadirachta indica
0.5149222,0.0,Azadirachta indica
0.53478205,0.0,Azadirachta indica
0.49506518,1.0,Azadirachta indica
0.5169865,0.0,Azadirachta indica
0.505455,1.0,Azadirachta indica
0.5252919,1.0,Azadirachta indica
0.5232174,1.0,Azadirachta indica
0.5342437,1.0,Azadirachta indica
0.5102293,1.0,Azadirachta indica
0.52043796,0.0,Azadirachta indica
0.48407817,0.0,Azadirachta indica
0.51053774,0.0,Azadirachta indica
0.5277146,0.0,Azadirachta indica
0.527944,1.0,Azadirachta indica
0.49782285,0.0,Azadirachta indica
0.4902794,0.0,Azadirachta indica
0.51598084,0.0,Azadirachta indica
0.50816566,0.0,Azadirachta indica
0.5206317,0.0,Azadirachta indica
0.50423306,0.0,Azadirachta indica
0.53764504,1.0,Azadirachta indica
0.49487218,1.0,Azadirachta indica
0.5179918,0.0,Azadirachta indica
0.5073111,1.0,Azadirachta indica
0.50828123,0.0,Azadirachta indica
0.50038815,1.0,Azadirachta indica
0.5087129,0.0,Azadirachta indica
0.5145025,1.0,Azadirachta indica
0.5122088,1.0,Azadirachta indica
0.49974275,1.0,Azadirachta indica
0.517927,1.0,Azadirachta indica
0.5053573,0.0,Azadirachta indica
0.5151433,1.0,Azadirachta indica
0.5228746,1.0,Azadirachta indica
0.51201093,0.0,Azadirachta indica
0.50798726,1.0,Azadirachta indica
0.51689947,0.0,Azadirachta indica
0.54312235,1.0,Azadirachta indica
0.53693223,0.0,Azadirachta indica
0.5056703,0.0,Azadirachta indica
0.51066154,1.0,Azadirachta indica
0.54703116,0.0,Azadirachta indica
0.5278009,0.0,Azadirachta indica
0.5032232,1.0,Azadirachta indica
0.5287262,0.0,Azadirachta indica
0.52378255,1.0,Azadirachta indica
0.5282603,1.0,Azadirachta indica
0.56872755,1.0,Azadirachta indica
0.49638784,1.0,Azadirachta indica
0.5284365,1.0,Azadirachta indica
0.5066168,0.0,Azadirachta indica
0.47598886,1.0,Azadirachta indica
0.49888632,1.0,Azadirachta indica
0.52629006,0.0,Azadirachta indica
0.5097335,0.0,Azadirachta indica
0.5076079,1.0,Azadirachta indica
0.52057725,1.0,Azadirachta indica
0.49055883,1.0,Azadirachta indica
0.50404936,0.0,Azadirachta indica
0.4958421,0.0,Azadirachta indica
0.518193,0.0,Azadirachta indica
0.53880936,0.0,Azadirachta indica
0.50312024,0.0,Azadirachta indica
0.530176,0.0,Azadirachta indica
0.5266297,0.0,Azadirachta indica
0.49968728,0.0,Azadirachta indica
0.5095288,0.0,Azadirachta indica
0.5158039,1.0,Azadirachta indica
0.49883804,1.0,Azadirachta indica
0.5129967,0.0,Azadirachta indica
0.5400411,0.0,Azadirachta indica
0.50675166,1.0,Azadirachta indica
0.5063906,1.0,Azadirachta indica
0.53350323,0.0,Azadirachta indica
0.51805997,0.0,Azadirachta indica
0.49220195,0.0,Azadirachta indica
0.537086,0.0,Azadirachta indica
0.53040874,0.0,Azadirachta indica
0.522676,1.0,Azadirachta indica
0.51344496,0.0,Azadirachta indica
0.51684564,1.0,Azadirachta indica
0.52308345,0.0,Azadirachta indica
0.5094954,1.0,Azadirachta indica
0.50965214,1.0,Azadirachta indica
0.50830907,0.0,Azadirachta indica
0.5200052,0.0,Azadirachta indica
0.50279295,0.0,Azadirachta indica
0.50712013,0.0,Azadirachta indica
0.5139926,0.0,Azadirachta indica
0.52871156,1.0,Azadirachta indica
0.523536,1.0,Azadirachta indica
0.5123216,1.0,Azadirachta indica
0.50299454,0.0,Azadirachta indica
0.5073383,0.0,Azadirachta indica
0.51926297,0.0,Azadirachta indica
0.5194889,1.0,Azadirachta indica
0.5526945,1.0,Azadirachta indica
0.50448596,0.0,Azadirachta indica
0.54213256,0.0,Azadirachta indica
0.5498403,0.0,Azadirachta indica
0.5250405,1.0,Azadirachta indica
0.4976608,0.0,Azadirachta indica
0.51849276,0.0,Azadirachta indica
0.510683,0.0,Azadirachta indica
0.4867739,0.0,Azadirachta indica
0.51071423,0.0,Azadirachta indica
0.5269468,0.0,Azadirachta indica
0.51369005,0.0,Azadirachta indica
0.5093193,1.0,Azadirachta indica
0.56688887,1.0,Azadirachta indica
0.5044758,0.0,Azadirachta indica
0.5176533,1.0,Azadirachta indica
0.52257246,0.0,Azadirachta indica
0.51157653,0.0,Azadirachta indica
0.5237776,0.0,Azadirachta indica
0.50841784,0.0,Azadirachta indica
0.5290973,0.0,Azadirachta indica
0.55747706,1.0,Azadirachta indica
0.5267621,0.0,Azadirachta indica
0.5101756,0.0,Azadirachta indica
0.5797875,0.0,Azadirachta indica
0.50618726,1.0,Azadirachta indica
0.49193856,0.0,Azadirachta indica
0.5146144,0.0,Azadirachta indica
0.58223224,1.0,Azadirachta indica
0.515303,0.0,Azadirachta indica
0.5456932,0.0,Azadirachta indica
0.518249,0.0,Azadirachta indica
0.5107385,1.0,Azadirachta indica
0.49144602,1.0,Azadirachta indica
0.502876,0.0,Azadirachta indica
0.51183194,0.0,Azadirachta indica
0.5189152,0.0,Azadirachta indica
0.51455796,0.0,Azadirachta indica
0.5631491,1.0,Azadirachta indica
0.51264364,0.0,Azadirachta indica
0.5244503,1.0,Azadirachta indica
0.5106562,0.0,Azadirachta indica
0.4858569,0.0,Azadirachta indica
0.5134651,0.0,Azadirachta indica
0.5163139,0.0,Azadirachta indica
0.5220776,1.0,Azadirachta indica
0.51683027,1.0,Azadirachta indica
0.50863016,0.0,Azadirachta indica
0.55972916,0.0,Azadirachta indica
0.52130675,0.0,Azadirachta indica
0.50166976,0.0,Azadirachta indica
0.48558247,1.0,Azadirachta indica
0.5123578,0.0,Azadirachta indica
0.5022082,1.0,Azadirachta indica
0.5082305,0.0,Azadirachta indica
0.511244,1.0,Azadirachta indica
0.50786793,0.0,Azadirachta indica
0.52155954,1.0,Azadirachta indica
0.5235531,0.0,Azadirachta indica
0.504263,0.0,Azadirachta indica
0.5380347,0.0,Azadirachta indica
0.5228746,0.0,Azadirachta indica
0.5209461,1.0,Azadirachta indica
0.51048094,0.0,Azadirachta indica
0.49626878,1.0,Azadirachta indica
0.51331586,0.0,Azadirachta indica
0.50842595,0.0,Azadirachta indica
0.5139465,0.0,Azadirachta indica
0.5056809,0.0,Azadirachta indica
0.5065124,1.0,Azadirachta indica
0.52285296,0.0,Azadirachta indica
0.5699731,0.0,Azadirachta indica
0.53619784,1.0,Azadirachta indica
0.5300054,1.0,Azadirachta indica
0.51675737,1.0,Azadirachta indica
0.5075003,1.0,Azadirachta indica
0.5264029,1.0,Azadirachta indica
0.5289029,0.0,Azadirachta indica
0.50595564,0.0,Azadirachta indica
0.5109106,0.0,Azadirachta indica
0.5117571,1.0,Azadirachta indica
0.5022833,0.0,Azadirachta indica
0.49411422,1.0,Azadirachta indica
0.515554,0.0,Azadirachta indica
0.4985764,0.0,Azadirachta indica
0.5066717,1.0,Azadirachta indica
0.5192885,0.0,Azadirachta indica
0.5148111,1.0,Azadirachta indica
0.52391243,1.0,Azadirachta indica
0.55602497,0.0,Azadirachta indica
0.52842194,0.0,Azadirachta indica
0.5269232,1.0,Azadirachta indica
0.49778387,1.0,Azadirachta indica
0.50555366,0.0,Azadirachta indica
0.5041124,0.0,Azadirachta indica
0.5022505,0.0,Azadirachta indica
0.5099382,0.0,Azadirachta indica
0.5390106,1.0,Azadirachta indica
0.516497,0.0,Azadirachta indica
0.52673227,1.0,Azadirachta indica
0.50697196,0.0,Azadirachta indica
0.5145869,0.0,Azadirachta indica
0.51313066,0.0,Azadirachta indica
0.49622107,1.0,Azadirachta indica
0.5112973,0.0,Azadirachta indica
0.5193895,0.0,Azadirachta indica
0.5039846,1.0,Azadirachta indica
0.536935,0.0,Azadirachta indica
0.5337389,0.0,Azadirachta indica
0.5013111,0.0,Azadirachta indica
0.50847435,0.0,Azadirachta indica
0.51217943,0.0,Azadirachta indica
0.51294965,0.0,Azadirachta indica
0.51182455,0.0,Azadirachta indica
0.5088328,0.0,Azadirachta indica
0.53506535,0.0,Azadirachta indica
0.52147305,1.0,Azadirachta indica
0.4846929,0.0,Azadirachta indica
0.540286,0.0,Azadirachta indica
0.54279286,0.0,Azadirachta indica
0.48558247,1.0,Azadirachta indica
0.5024908,0.0,Azadirachta indica
0.5082135,0.0,Azadirachta indica
0.5173712,0.0,Azadirachta indica
0.5152886,0.0,Azadirachta indica
0.8598485,0.0,Azadirachta indica
0.5549499,0.0,Azadirachta indica
0.5098543,1.0,Azadirachta indica
0.54667765,1.0,Azadirachta indica
0.5197063,1.0,Azadirachta indica
0.5231816,1.0,Azadirachta indica
0.5008501,1.0,Azadirachta indica
0.514544,0.0,Azadirachta indica
0.5109185,0.0,Azadirachta indica
0.5079923,1.0,Azadirachta indica
0.5084628,0.0,Azadirachta indica
0.5301835,1.0,Azadirachta indica
0.5090094,0.0,Azadirachta indica
0.5114025,1.0,Azadirachta indica
0.5108139,0.0,Azadirachta indica
0.5227577,1.0,Azadirachta indica
0.51385933,0.0,Azadirachta indica
0.54200464,0.0,Azadirachta indica
0.5344327,1.0,Azadirachta indica
0.50788593,1.0,Azadirachta indica
0.50717497,0.0,Azadirachta indica
0.53086436,0.0,Azadirachta indica
0.54982173,1.0,Azadirachta indica
0.5385392,0.0,Azadirachta indica
0.5011926,0.0,Azadirachta indica
0.5117123,1.0,Azadirachta indica
0.5067432,0.0,Azadirachta indica
0.5081393,0.0,Azadirachta indica
0.5094268,0.0,Azadirachta indica
0.51012105,0.0,Azadirachta indica
0.5162854,0.0,Azadirachta indica
0.54803836,0.0,Azadirachta indica
0.5060524,1.0,Azadirachta indica
0.5087906,0.0,Azadirachta indica
0.5189242,0.0,Azadirachta indica
0.5242511,0.0,Azadirachta indica
0.5234566,0.0,Azadirachta indica
0.52342385,1.0,Azadirachta indica
0.513522,1.0,Azadirachta indica
0.52002704,1.0,Azadirachta indica
0.51187754,0.0,Azadirachta indica
0.52152175,0.0,Azadirachta indica
0.5296323,1.0,Azadirachta indica
0.507587,1.0,Azadirachta indica
0.52449155,0.0,Azadirachta indica
0.5254422,1.0,Azadirachta indica
0.50906765,0.0,Azadirachta indica
0.528553,0.0,Azadirachta indica
0.5251206,1.0,Azadirachta indica
0.5065748,1.0,Azadirachta indica
0.5196767,0.0,Azadirachta indica
0.5137954,1.0,Azadirachta indica
0.4766547,0.0,Azadirachta indica
0.5710772,0.0,Azadirachta indica
0.5090549,0.0,Azadirachta indica
0.5022082,1.0,Azadirachta indica
0.5040033,1.0,Azadirachta indica
0.527498,0.0,Azadirachta indica
0.52074647,0.0,Azadirachta indica
0.5155166,1.0,Azadirachta indica
0.51219344,1.0,Azadirachta indica
0.53670806,0.0,Azadirachta indica
0.5128146,0.0,Azadirachta indica
0.5125107,1.0,Azadirachta indica
0.5152361,0.0,Azadirachta indica
0.5171939,0.0,Azadirachta indica
0.513917,1.0,Azadirachta indica
0.52745605,0.0,Azadirachta indica
0.5373532,0.0,Azadirachta indica
0.49569753,0.0,Azadirachta indica
0.5086893,0.0,Azadirachta indica
0.54557514,1.0,Azadirachta indica
0.5315002,1.0,Azadirachta indica
0.5043544,1.0,Azadirachta indica
0.5272555,0.0,Azadirachta indica
0.4935341,1.0,Azadirachta indica
0.5299483,0.0,Azadirachta indica
0.5064824,1.0,Azadirachta indica
0.5248901,0.0,Azadirachta indica
0.5050868,1.0,Azadirachta indica
0.5343176,0.0,Azadirachta indica
0.5329919,0.0,Azadirachta indica
0.51182455,0.0,Azadirachta indica
0.55289805,0.0,Azadirachta indica
0.53399557,1.0,Azadirachta indica
0.50835556,0.0,Azadirachta indica
0.5027783,0.0,Azadirachta indica
0.50697124,0.0,Azadirachta indica
0.5438215,1.0,Azadirachta indica
0.53693527,1.0,Azadirachta indica
0.4946797,0.0,Azadirachta indica
0.49377602,0.0,Azadirachta indica
0.49269283,0.0,Azadirachta indica
0.5130524,0.0,Azadirachta indica
0.5557438,0.0,Azadirachta indica
0.50267935,0.0,Azadirachta indica
0.5253381,0.0,Azadirachta indica
0.4974948,0.0,Azadirachta indica
0.53511876,1.0,Azadirachta indica
0.54503447,0.0,Azadirachta indica
0.5030464,0.0,Azadirachta indica
0.5045692,0.0,Azadirachta indica
0.5219536,0.0,Azadirachta indica
0.5172944,0.0,Azadirachta indica
0.494476,1.0,Azadirachta indica
0.54338765,1.0,Azadirachta indica
0.51324934,1.0,Azadirachta indica
0.50621754,0.0,Azadirachta indica
0.51524806,1.0,Azadirachta indica
0.51400614,0.0,Azadirachta indica
0.51046425,0.0,Azadirachta indica
0.5396456,0.0,Azadirachta indica
0.5095222,0.0,Azadirachta indica
0.5178301,1.0,Azadirachta indica
0.5268359,0.0,Azadirachta indica
0.5260012,0.0,Azadirachta indica
0.4840859,1.0,Azadirachta indica
0.53570527,0.0,Azadirachta indica
0.54255575,1.0,Azadirachta indica
0.5229412,0.0,Azadirachta indica
0.5186827,0.0,Azadirachta indica
0.53626263,1.0,Azadirachta indica
0.48886675,1.0,Azadirachta indica
0.49293858,0.0,Azadirachta indica
0.5065631,1.0,Azadirachta indica
0.5291866,0.0,Azadirachta indica
0.52309793,0.0,Azadirachta indica
0.5130216,0.0,Azadirachta indica
0.51880974,0.0,Azadirachta indica
0.5106134,0.0,Azadirachta indica
0.5521011,0.0,Azadirachta indica
0.52257556,0.0,Azadirachta indica
0.5146252,0.0,Azadirachta indica
0.54187506,1.0,Azadirachta indica
0.5222596,0.0,Azadirachta indica
0.5304681,0.0,Azadirachta indica
0.511807,0.0,Azadirachta indica
0.5341207,0.0,Azadirachta indica
0.529559,1.0,Azadirachta indica
0.49164712,0.0,Azadirachta indica
0.54931164,0.0,Azadirachta indica
0.5019507,0.0,Azadirachta indica
0.53373986,0.0,Azadirachta indica
0.5023531,1.0,Azadirachta indica
0.52410847,1.0,Azadirachta indica
0.5137251,1.0,Azadirachta indica
0.5282073,0.0,Azadirachta indica
0.5258977,0.0,Azadirachta indica
0.54239786,1.0,Azadirachta indica
0.49285716,0.0,Azadirachta indica
0.52537537,1.0,Azadirachta indica
0.5108139,0.0,Azadirachta indica
0.5026863,0.0,Azadirachta indica
0.52677214,0.0,Azadirachta indica
0.51787055,0.0,Azadirachta indica
0.50475854,0.0,Azadirachta indica
0.52171654,1.0,Azadirachta indica
0.5085682,0.0,Azadirachta indica
0.56305665,0.0,Azadirachta indica
0.49753308,0.0,Azadirachta indica
0.50975657,0.0,Azadirachta indica
0.5089564,0.0,Azadirachta indica
0.48948884,0.0,Azadirachta indica
0.49635088,0.0,Azadirachta indica
0.54002386,0.0,Azadirachta indica
0.4457558,0.0,Azadirachta indica
0.5215414,1.0,Azadirachta indica
0.5430405,0.0,Azadirachta indica
0.51039493,1.0,Azadirachta indica
0.52877176,0.0,Azadirachta indica
0.53899425,0.0,Azadirachta indica
0.5073031,1.0,Azadirachta indica
0.47946858,1.0,Azadirachta indica
0.5140388,0.0,Azadirachta indica
0.50926507,0.0,Azadirachta indica
0.55001754,0.0,Azadirachta indica
0.39444047,0.0,Azadirachta indica
0.5006295,0.0,Azadirachta indica
0.50246924,1.0,Azadirachta indica
0.5146532,1.0,Azadirachta indica
0.5077658,0.0,Azadirachta indica
0.50556666,0.0,Azadirachta indica
0.500814,1.0,Azadirachta indica
0.49338454,1.0,Azadirachta indica
0.51381165,0.0,Azadirachta indica
0.5452044,0.0,Azadirachta indica
0.48015612,1.0,Azadirachta indica
0.5155894,0.0,Azadirachta indica
0.532359,0.0,Azadirachta indica
0.5236191,0.0,Azadirachta indica
0.5026077,0.0,Azadirachta indica
0.50163907,0.0,Azadirachta indica
0.5115279,0.0,Azadirachta indica
0.5084422,0.0,Azadirachta indica
0.54277223,0.0,Azadirachta indica
0.48720235,1.0,Azadirachta indica
0.49627984,0.0,Azadirachta indica
0.52459943,1.0,Azadirachta indica
0.483803,1.0,Azadirachta indica
0.5578305,0.0,Azadirachta indica
0.51128155,0.0,Azadirachta indica
0.54451555,0.0,Azadirachta indica
0.48503625,1.0,Azadirachta indica
0.5117978,0.0,Azadirachta indica
0.53537756,0.0,Azadirachta indica
0.52384454,1.0,Azadirachta indica
0.53043616,1.0,Azadirachta indica
0.5257697,1.0,Azadirachta indica
0.52900153,0.0,Azadirachta indica
0.50193197,1.0,Azadirachta indica
0.5186433,1.0,Azadirachta indica
0.5106334,0.0,Azadirachta indica
0.5134497,0.0,Azadirachta indica
0.5353268,1.0,Azadirachta indica
0.5445236,0.0,Azadirachta indica
0.5221069,0.0,Azadirachta indica
0.5220649,1.0,Azadirachta indica
0.5211529,0.0,Azadirachta indica
0.5491238,1.0,Azadirachta indica
0.5161262,1.0,Azadirachta indica
0.503819,0.0,Azadirachta indica
0.5126439,1.0,Azadirachta indica
0.5104676,0.0,Azadirachta indica
0.51952034,0.0,Azadirachta indica
0.54429024,0.0,Azadirachta indica
0.52806187,1.0,Azadirachta indica
0.5025773,0.0,Azadirachta indica
0.54213697,0.0,Azadirachta indica
0.52294385,1.0,Azadirachta indica
0.53833956,0.0,Azadirachta indica
0.49349043,0.0,Azadirachta indica
0.53670806,0.0,Azadirachta indica
0.5303393,0.0,Azadirachta indica
0.5123635,1.0,Azadirachta indica
0.5387055,0.0,Azadirachta indica
0.53061146,1.0,Azadirachta indica
0.004229607,1.0,Azadirachta indica
0.505289,0.0,Azadirachta indica
0.50928724,0.0,Azadirachta indica
0.5145619,0.0,Azadirachta indica
0.4903945,0.0,Azadirachta indica
0.5086947,0.0,Azadirachta indica
0.5318792,0.0,Azadirachta indica
0.5304736,0.0,Azadirachta indica
0.50256264,1.0,Azadirachta indica
0.50772494,0.0,Azadirachta indica
0.51720774,0.0,Azadirachta indica
0.5007442,0.0,Azadirachta indica
0.52238613,0.0,Azadirachta indica
0.5556374,0.0,Azadirachta indica
0.5208856,1.0,Azadirachta indica
0.53210056,0.0,Azadirachta indica
0.5304944,1.0,Azadirachta indica
0.48349994,0.0,Azadirachta indica
0.48165536,0.0,Azadirachta indica
0.54170585,0.0,Azadirachta indica
0.53722966,1.0,Azadirachta indica
0.49861565,0.0,Azadirachta indica
0.5369173,0.0,Azadirachta indica
0.52157277,0.0,Azadirachta indica
0.52242535,0.0,Azadirachta indica
0.5085891,0.0,Azadirachta indica
0.5224654,1.0,Azadirachta indica
0.5024653,0.0,Azadirachta indica
0.50966555,1.0,Azadirachta indica
0.5149978,0.0,Azadirachta indica
0.5260288,0.0,Azadirachta indica
0.5304736,0.0,Azadirachta indica
0.50940317,0.0,Azadirachta indica
0.5254258,0.0,Azadirachta indica
0.508918,0.0,Azadirachta indica
0.51176244,0.0,Azadirachta indica
0.5231135,1.0,Azadirachta indica
0.51786447,1.0,Azadirachta indica
0.49508667,0.0,Azadirachta indica
0.5064888,0.0,Azadirachta indica
0.54018664,0.0,Azadirachta indica
0.51550764,1.0,Azadirachta indica
0.5085545,0.0,Azadirachta indica
0.52255327,0.0,Azadirachta indica
0.49676487,0.0,Azadirachta indica
0.52074844,0.0,Azadirachta indica
0.5505182,0.0,Azadirachta indica
0.5370811,1.0,Azadirachta indica
0.5156832,0.0,Azadirachta indica
0.52001345,0.0,Azadirachta indica
0.49569753,0.0,Azadirachta indica
0.520992,0.0,Azadirachta indica
0.51144403,0.0,Azadirachta indica
0.52834463,1.0,Azadirachta indica
0.51936114,0.0,Azadirachta indica
0.5442437,0.0,Azadirachta indica
0.50166184,1.0,Azadirachta indica
0.5220511,0.0,Azadirachta indica
0.5134568,0.0,Azadirachta indica
0.51751184,0.0,Azadirachta indica
0.514641,0.0,Azadirachta indica
0.5022611,1.0,Azadirachta indica
0.52664,1.0,Azadirachta indica
0.5136469,0.0,Azadirachta indica
0.50993794,1.0,Azadirachta indica
0.5327966,0.0,Azadirachta indica
0.524142,0.0,Azadirachta indica
0.50692916,0.0,Azadirachta indica
0.5229784,0.0,Azadirachta indica
0.51695514,0.0,Azadirachta indica
0.5101489,1.0,Azadirachta indica
0.50160885,0.0,Azadirachta indica
0.5405925,0.0,Azadirachta indica
0.53990144,0.0,Azadirachta indica
0.5096251,0.0,Azadirachta indica
0.51636136,1.0,Azadirachta indica
0.52749974,0.0,Azadirachta indica
0.49767804,0.0,Azadirachta indica
0.5448916,0.0,Azadirachta indica
0.51780033,0.0,Azadirachta indica
0.5136726,0.0,Azadirachta indica
0.5177156,0.0,Azadirachta indica
0.5146,0.0,Azadirachta indica
0.51987886,1.0,Azadirachta indica
0.5146376,1.0,Azadirachta indica
0.5268652,1.0,Azadirachta indica
0.5126948,1.0,Azadirachta indica
0.51089114,0.0,Azadirachta indica
0.51126045,1.0,Azadirachta indica
0.5246906,0.0,Azadirachta indica
0.5295,0.0,Azadirachta indica
0.4783332,0.0,Azadirachta indica
0.53006905,0.0,Azadirachta indica
0.4899374,1.0,Azadirachta indica
0.5045852,0.0,Azadirachta indica
0.51892513,0.0,Azadirachta indica
0.52287984,0.0,Azadirachta indica
0.51017416,0.0,Azadirachta indica
0.4788834,0.0,Azadirachta indica
0.53728604,0.0,Azadirachta indica
0.50449765,1.0,Azadirachta indica
0.530879,1.0,Azadirachta indica
0.5614558,0.0,Azadirachta indica
0.5401516,0.0,Azadirachta indica
0.536935,0.0,Azadirachta indica
0.49285772,1.0,Azadirachta indica
0.52520186,1.0,Azadirachta indica
0.51662636,0.0,Azadirachta indica
0.5208711,1.0,Azadirachta indica
0.5371091,1.0,Azadirachta indica
0.5001857,1.0,Azadirachta indica
0.52708906,0.0,Azadirachta indica
0.5249303,0.0,Azadirachta indica
0.5438601,0.0,Azadirachta indica
0.5149706,0.0,Azadirachta indica
0.5097899,1.0,Azadirachta indica
0.51414627,0.0,Azadirachta indica
0.516414,0.0,Azadirachta indica
0.4865131,0.0,Azadirachta indica
0.4969499,1.0,Azadirachta indica
0.52223307,0.0,Azadirachta indica
0.5233614,0.0,Azadirachta indica
0.45766222,0.0,Azadirachta indica
0.5125563,1.0,Azadirachta indica
0.5227061,1.0,Azadirachta indica
0.5240287,1.0,Azadirachta indica
0.51028854,0.0,Azadirachta indica
0.5202569,1.0,Azadirachta indica
0.52364975,1.0,Azadirachta indica
0.5028913,0.0,Azadirachta indica
0.507771,0.0,Azadirachta indica
0.48512238,1.0,Azadirachta indica
0.5200272,0.0,Azadirachta indica
0.5240804,0.0,Azadirachta indica
0.51958185,0.0,Azadirachta indica
0.52101874,0.0,Azadirachta indica
0.53202754,0.0,Azadirachta indica
0.49858838,0.0,Azadirachta indica
0.51274216,0.0,Azadirachta indica
0.53205955,0.0,Azadirachta indica
0.5368102,0.0,Azadirachta indica
0.50532943,0.0,Azadirachta indica
0.5088198,0.0,Azadirachta indica
0.5009789,1.0,Azadirachta indica
0.49759325,0.0,Azadirachta indica
0.52375793,1.0,Azadirachta indica
0.55363846,0.0,Azadirachta indica
0.49098384,0.0,Azadirachta indica
0.51838845,0.0,Azadirachta indica
0.39429986,1.0,Azadirachta indica
0.497338,1.0,Azadirachta indica
0.5230461,0.0,Azadirachta indica
0.5035892,0.0,Azadirachta indica
0.5193813,0.0,Azadirachta indica
0.51336384,0.0,Azadirachta indica
0.5239838,0.0,Azadirachta indica
0.49659088,1.0,Azadirachta indica
0.5167358,0.0,Azadirachta indica
0.52354765,0.0,Azadirachta indica
0.5011739,1.0,Azadirachta indica
0.52726966,0.0,Azadirachta indica
0.5244576,0.0,Azadirachta indica
0.5272605,1.0,Azadirachta indica
0.49908662,0.0,Azadirachta indica
0.50084895,0.0,Azadirachta indica
0.51326865,1.0,Azadirachta indica
0.51329994,0.0,Azadirachta indica
0.52532065,0.0,Azadirachta indica
0.5183063,0.0,Azadirachta indica
0.5028813,1.0,Azadirachta indica
0.49333736,0.0,Azadirachta indica
0.509394,0.0,Azadirachta indica
0.5112483,1.0,Azadirachta indica
0.54970205,0.0,Azadirachta indica
0.5089343,0.0,Azadirachta indica
0.5234,0.0,Azadirachta indica
0.5050744,0.0,Azadirachta indica
0.51116705,0.0,Azadirachta indica
0.5305804,1.0,Azadirachta indica
0.52646476,1.0,Azadirachta indica
0.52431947,1.0,Azadirachta indica
0.5117016,1.0,Azadirachta indica
0.49301454,0.0,Azadirachta indica
0.5359958,0.0,Azadirachta indica
0.520884,0.0,Azadirachta indica
0.48624888,0.0,Azadirachta indica
0.52728426,0.0,Azadirachta indica
0.52645296,0.0,Azadirachta indica
0.5076517,0.0,Azadirachta indica
0.5329894,1.0,Azadirachta indica
0.5401542,0.0,Azadirachta indica
0.5209095,1.0,Azadirachta indica
0.5520894,0.0,Azadirachta indica
0.5086392,1.0,Azadirachta indica
0.5222357,0.0,Azadirachta indica
0.4974557,0.0,Azadirachta indica
0.5205132,0.0,Azadirachta indica
0.5205731,1.0,Azadirachta indica
0.5067837,1.0,Azadirachta indica
0.5452017,0.0,Azadirachta indica
0.5049248,1.0,Azadirachta indica
0.49938992,0.0,Azadirachta indica
0.5217425,0.0,Azadirachta indica
0.5143414,1.0,Azadirachta indica
0.5175551,0.0,Azadirachta indica
0.5332271,0.0,Azadirachta indica
0.48478147,0.0,Azadirachta indica
0.506284,0.0,Azadirachta indica
0.5231937,0.0,Azadirachta indica
0.5292796,1.0,Azadirachta indica
0.51721394,1.0,Azadirachta indica
0.48948884,0.0,Azadirachta indica
0.51544785,0.0,Azadirachta indica
0.5291322,0.0,Azadirachta indica
0.5478357,0.0,Azadirachta indica
0.4728023,0.0,Azadirachta indica
0.5196144,1.0,Azadirachta indica
0.53545874,0.0,Azadirachta indica
0.5156832,0.0,Azadirachta indica
0.5234364,1.0,Azadirachta indica
0.52006507,0.0,Azadirachta indica
0.52574015,0.0,Azadirachta indica
0.4899984,0.0,Azadirachta indica
0.5092407,0.0,Azadirachta indica
0.5171951,0.0,Azadirachta indica
0.51789045,1.0,Azadirachta indica
0.5197173,0.0,Azadirachta indica
0.5008861,0.0,Azadirachta indica
0.5215506,0.0,Azadirachta indica
0.50084007,1.0,Azadirachta indica
0.49091056,0.0,Azadirachta indica
0.51641136,0.0,Azadirachta indica
0.50664973,0.0,Azadirachta indica
0.50354004,1.0,Azadirachta indica
0.5099473,1.0,Azadirachta indica
0.52381325,1.0,Azadirachta indica
0.5424688,1.0,Azadirachta indica
0.539382,1.0,Azadirachta indica
0.5111469,0.0,Azadirachta indica
0.5199101,1.0,Azadirachta indica
0.48208722,0.0,Azadirachta indica
0.5139999,1.0,Azadirachta indica
0.4734708,0.0,Azadirachta indica
0.56012475,0.0,Azadirachta indica
0.5447789,0.0,Azadirachta indica
0.53888375,0.0,Azadirachta indica
0.519555,1.0,Azadirachta indica
0.51791173,0.0,Azadirachta indica
0.49087372,0.0,Azadirachta indica
0.54647386,1.0,Azadirachta indica
0.53078574,1.0,Azadirachta indica
0.5232503,0.0,Azadirachta indica
0.5099281,1.0,Azadirachta indica
0.5047949,1.0,Azadirachta indica
0.50227827,1.0,Azadirachta indica
0.5200744,0.0,Azadirachta indica
0.57493377,1.0,Azadirachta indica
0.50749123,0.0,Azadirachta indica
0.49141538,0.0,Azadirachta indica
0.53500825,0.0,Azadirachta indica
0.5087875,1.0,Azadirachta indica
0.5052795,1.0,Azadirachta indica
0.5178435,0.0,Azadirachta indica
0.42692062,1.0,Azadirachta indica
0.5247629,0.0,Azadirachta indica
0.5411271,1.0,Azadirachta indica
0.5201228,1.0,Azadirachta indica
0.5270697,1.0,Azadirachta indica
0.5065842,0.0,Azadirachta indica
0.51836807,0.0,Azadirachta indica
0.5026895,0.0,Azadirachta indica
0.5094159,0.0,Azadirachta indica
0.5094855,1.0,Azadirachta indica
0.51426977,0.0,Azadirachta indica
0.5175254,1.0,Azadirachta indica
0.51146716,0.0,Azadirachta indica
0.51401913,1.0,Azadirachta indica
0.4831505,1.0,Azadirachta indica
0.49934152,0.0,Azadirachta indica
0.49798563,1.0,Azadirachta indica
0.50273085,1.0,Azadirachta indica
0.5141152,0.0,Azadirachta indica
0.51612383,0.0,Azadirachta indica
0.53414613,1.0,Azadirachta indica
0.49820143,1.0,Azadirachta indica
0.56124115,0.0,Azadirachta indica
0.5164743,0.0,Azadirachta indica
0.50957745,1.0,Azadirachta indica
0.4983156,1.0,Azadirachta indica
0.49928322,0.0,Azadirachta indica
0.5145528,1.0,Azadirachta indica
0.51343197,1.0,Azadirachta indica
0.5263304,0.0,Azadirachta indica
0.50455046,1.0,Azadirachta indica
0.52605575,0.0,Azadirachta indica
0.52324504,0.0,Azadirachta indica
0.49965322,1.0,Azadirachta indica
0.50529796,0.0,Azadirachta indica
0.49763432,1.0,Azadirachta indica
0.54464316,0.0,Azadirachta indica
0.52459264,1.0,Azadirachta indica
0.49762347,0.0,Azadirachta indica
0.51653874,1.0,Azadirachta indica
0.50003624,1.0,Azadirachta indica
0.50884694,0.0,Azadirachta indica
0.52724594,0.0,Azadirachta indica
0.5323204,0.0,Azadirachta indica
0.5061809,0.0,Azadirachta indica
0.49179718,1.0,Azadirachta indica
0.5101957,0.0,Azadirachta indica
0.5148836,0.0,Azadirachta indica
0.56224763,0.0,Azadirachta indica
0.51052964,1.0,Azadirachta indica
0.50304365,0.0,Azadirachta indica
0.49822724,1.0,Azadirachta indica
0.5170463,0.0,Azadirachta indica
0.5003935,0.0,Azadirachta indica
0.52536196,0.0,Azadirachta indica
0.5343461,0.0,Azadirachta indica
0.50841606,1.0,Azadirachta indica
0.51065314,0.0,Azadirachta indica
0.49051392,1.0,Azadirachta indica
0.51708776,0.0,Azadirachta indica
0.5096324,1.0,Azadirachta indica
0.5045692,0.0,Azadirachta indica
0.54385614,0.0,Azadirachta indica
0.5449823,1.0,Azadirachta indica
0.5209616,0.0,Azadirachta indica
0.50783044,0.0,Azadirachta indica
0.5164587,1.0,Azadirachta indica
0.5021158,1.0,Azadirachta indica
0.5296331,1.0,Azadirachta indica
0.5718175,0.0,Azadirachta indica
0.5032046,1.0,Azadirachta indica
0.53323066,1.0,Azadirachta indica
0.50413686,0.0,Azadirachta indica
0.53858304,0.0,Azadirachta indica
0.47745073,1.0,Azadirachta indica
0.5102758,0.0,Azadirachta indica
0.49634254,1.0,Azadirachta indica
0.5019666,0.0,Azadirachta indica
0.5249635,1.0,Azadirachta indica
0.5416764,0.0,Azadirachta indica
0.5052045,0.0,Azadirachta indica
0.5251199,0.0,Azadirachta indica
0.49686775,1.0,Azadirachta indica
0.52254546,0.0,Azadirachta indica
0.51219344,1.0,Azadirachta indica
0.5360226,1.0,Azadirachta indica
0.50841534,0.0,Azadirachta indica
0.52035445,0.0,Azadirachta indica
0.53396845,0.0,Azadirachta indica
0.5210349,0.0,Azadirachta indica
0.5017494,0.0,Azadirachta indica
0.52670366,0.0,Azadirachta indica
0.51648223,1.0,Azadirachta indica
0.5149392,1.0,Azadirachta indica
0.5162191,0.0,Azadirachta indica
0.5427981,0.0,Azadirachta indica
0.50460637,0.0,Azadirachta indica
0.542081,0.0,Azadirachta indica
0.5272061,1.0,Azadirachta indica
0.5204384,1.0,Azadirachta indica
0.51764095,1.0,Azadirachta indica
0.5042449,0.0,Azadirachta indica
0.51491296,1.0,Azadirachta indica
0.4969505,1.0,Azadirachta indica
0.52131844,0.0,Azadirachta indica
0.49660894,1.0,Azadirachta indica
0.51430964,0.0,Azadirachta indica
0.51601034,0.0,Azadirachta indica
0.509816,0.0,Azadirachta indica
0.4873143,0.0,Azadirachta indica
0.5527984,0.0,Azadirachta indica
0.5154259,1.0,Azadirachta indica
0.5493707,0.0,Azadirachta indica
0.50322783,0.0,Azadirachta indica
0.5143596,1.0,Azadirachta indica
0.5090583,1.0,Azadirachta indica
0.5129179,0.0,Azadirachta indica
0.5097037,1.0,Azadirachta indica
0.5269383,1.0,Azadirachta indica
0.4968581,1.0,Azadirachta indica
0.4893259,0.0,Azadirachta indica
0.512794,1.0,Azadirachta indica
0.5306099,0.0,Azadirachta indica
0.53321093,0.0,Azadirachta indica
0.5257942,1.0,Azadirachta indica
0.505456,0.0,Azadirachta indica
0.47472113,1.0,Azadirachta indica
0.48798895,0.0,Azadirachta indica
0.5327483,1.0,Azadirachta indica
0.5027272,1.0,Azadirachta indica
0.49333215,0.0,Azadirachta indica
0.513444,0.0,Azadirachta indica
0.5129273,0.0,Azadirachta indica
0.5163937,1.0,Azadirachta indica
0.50075173,1.0,Azadirachta indica
0.5173944,0.0,Azadirachta indica
0.53425914,0.0,Azadirachta indica
0.51610875,0.0,Azadirachta indica
0.5284449,0.0,Azadirachta indica
0.5177291,0.0,Azadirachta indica
0.50552183,1.0,Azadirachta indica
0.5116955,0.0,Azadirachta indica
0.5107286,1.0,Azadirachta indica
0.52211857,1.0,Azadirachta indica
0.5318792,0.0,Azadirachta indica
0.9790908,1.0,Azadirachta indica
0.49070358,1.0,Azadirachta indica
0.5074769,0.0,Azadirachta indica
0.51310277,0.0,Azadirachta indica
0.5382936,1.0,Azadirachta indica
0.5213711,1.0,Azadirachta indica
0.5441705,1.0,Azadirachta indica
0.5056994,0.0,Azadirachta indica
0.50182736,1.0,Azadirachta indica
0.513073,0.0,Azadirachta indica
0.50530255,0.0,Azadirachta indica
0.54412085,1.0,Azadirachta indica
0.5007585,0.0,Azadirachta indica
0.5099363,0.0,Azadirachta indica
0.5038095,1.0,Azadirachta indica
0.5129293,1.0,Azadirachta indica
0.5322341,0.0,Azadirachta indica
0.50972813,1.0,Azadirachta indica
0.5127361,0.0,Azadirachta indica
0.4902362,0.0,Azadirachta indica
0.5159293,0.0,Azadirachta indica
0.4983265,0.0,Azadirachta indica
0.5256991,0.0,Azadirachta indica
0.5522798,0.0,Azadirachta indica
0.50091124,0.0,Azadirachta indica
0.51987153,1.0,Azadirachta indica
0.4720771,0.0,Azadirachta indica
0.5194393,0.0,Azadirachta indica
0.51357114,0.0,Azadirachta indica
0.50930154,0.0,Azadirachta indica
0.5369347,1.0,Azadirachta indica
0.5181044,0.0,Azadirachta indica
0.49730733,1.0,Azadirachta indica
0.52306956,1.0,Azadirachta indica
0.5145035,0.0,Azadirachta indica
0.5366603,1.0,Azadirachta indica
0.50802326,0.0,Azadirachta indica
0.5252775,1.0,Azadirachta indica
0.54915255,1.0,Azadirachta indica
0.5164742,1.0,Azadirachta indica
0.489881,0.0,Azadirachta indica
0.5079553,1.0,Azadirachta indica
0.5236987,1.0,Azadirachta indica
0.5372547,1.0,Azadirachta indica
0.53395325,1.0,Azadirachta indica
0.53576255,0.0,Azadirachta indica
0.5015897,0.0,Azadirachta indica
0.52715796,1.0,Azadirachta indica
0.5053549,1.0,Azadirachta indica
0.5271526,0.0,Azadirachta indica
0.50850534,1.0,Azadirachta indica
0.5595457,0.0,Azadirachta indica
0.510175,0.0,Azadirachta indica
0.5053182,1.0,Azadirachta indica
0.5147931,1.0,Azadirachta indica
0.5031472,0.0,Azadirachta indica
0.49685147,1.0,Azadirachta indica
0.5098497,1.0,Azadirachta indica
0.5109564,0.0,Azadirachta indica
0.50391173,0.0,Azadirachta indica
0.528853,1.0,Azadirachta indica
0.5295339,0.0,Azadirachta indica
0.53820515,0.0,Azadirachta indica
0.51464474,0.0,Azadirachta indica
0.55281097,1.0,Azadirachta indica
0.49351284,0.0,Azadirachta indica
0.52672994,0.0,Azadirachta indica
0.52556217,0.0,Azadirachta indica
0.51786447,1.0,Azadirachta indica
0.5420153,0.0,Azadirachta indica
0.569049,1.0,Azadirachta indica
0.5052054,0.0,Azadirachta indica
0.50220364,0.0,Azadirachta indica
0.5075773,0.0,Azadirachta indica
0.5169535,0.0,Azadirachta indica
0.46921882,0.0,Azadirachta indica
0.53915983,1.0,Azadirachta indica
0.5248988,0.0,Azadirachta indica
0.5416768,1.0,Azadirachta indica
0.5121936,0.0,Azadirachta indica
0.4974286,1.0,Azadirachta indica
0.51852167,1.0,Azadirachta indica
0.5163312,1.0,Azadirachta indica
0.54782087,0.0,Azadirachta indica
0.49900135,1.0,Azadirachta indica
0.53985804,1.0,Azadirachta indica
0.5166763,1.0,Azadirachta indica
0.49880937,0.0,Azadirachta indica
0.5220848,0.0,Azadirachta indica
0.51472145,0.0,Azadirachta indica
0.5471675,1.0,Azadirachta indica
0.61284935,1.0,Azadirachta indica
0.5152141,1.0,Azadirachta indica
0.5491872,1.0,Azadirachta indica
0.5028192,0.0,Azadirachta indica
0.5092424,1.0,Azadirachta indica
0.49842486,0.0,Azadirachta indica
0.5417931,0.0,Azadirachta indica
0.5276106,0.0,Azadirachta indica
0.50346476,0.0,Azadirachta indica
0.55175275,0.0,Azadirachta indica
0.5027022,0.0,Azadirachta indica
0.9346574,0.0,Azadirachta indica
0.5186087,0.0,Azadirachta indica
0.52157557,1.0,Azadirachta indica
0.51183194,0.0,Azadirachta indica
0.50817204,0.0,Azadirachta indica
0.51059884,0.0,Azadirachta indica
0.50359315,0.0,Azadirachta indica
0.5425967,1.0,Azadirachta indica
0.54947275,0.0,Azadirachta indica
0.50458205,0.0,Azadirachta indica
0.52408594,1.0,Azadirachta indica
0.5156254,0.0,Azadirachta indica
0.51961344,1.0,Azadirachta indica
0.5238178,1.0,Azadirachta indica
0.536251,1.0,Azadirachta indica
0.52928704,0.0,Azadirachta indica
0.5407683,0.0,Azadirachta indica
0.49411422,0.0,Azadirachta indica
0.5191707,0.0,Azadirachta indica
0.5129592,1.0,Azadirachta indica
0.50691146,1.0,Azadirachta indica
0.51971996,0.0,Azadirachta indica
0.5130842,0.0,Azadirachta indica
0.5090944,0.0,Azadirachta indica
0.51551116,0.0,Azadirachta indica
0.53797257,0.0,Azadirachta indica
0.5093473,0.0,Azadirachta indica
0.50772977,0.0,Azadirachta indica
0.5086524,1.0,Azadirachta indica
0.5173457,0.0,Azadirachta indica
0.54048866,0.0,Azadirachta indica
0.5135279,1.0,Azadirachta indica
0.5130524,0.0,Azadirachta indica
0.41203415,0.0,Azadirachta indica
0.51637024,1.0,Azadirachta indica
0.5152391,1.0,Azadirachta indica
0.53377044,0.0,Azadirachta indica
0.5014467,0.0,Azadirachta indica
0.50638646,0.0,Azadirachta indica
0.5125755,0.0,Azadirachta indica
0.50772804,0.0,Azadirachta indica
0.52572006,0.0,Azadirachta indica
0.5184589,0.0,Azadirachta indica
0.53246844,0.0,Azadirachta indica
0.52339745,0.0,Azadirachta indica
0.49053228,1.0,Azadirachta indica
0.5230042,1.0,Azadirachta indica
0.53473735,0.0,Azadirachta indica
0.5336996,0.0,Azadirachta indica
0.5303021,0.0,Azadirachta indica
0.5110175,1.0,Azadirachta indica
0.5320088,0.0,Azadirachta indica
0.5398732,0.0,Azadirachta indica
0.4988372,0.0,Azadirachta indica
0.5232363,1.0,Azadirachta indica
0.5080067,0.0,Azadirachta indica
0.50465524,0.0,Azadirachta indica
0.49144602,1.0,Azadirachta indica
0.513971,0.0,Azadirachta indica
0.5182056,1.0,Azadirachta indica
0.5046706,0.0,Azadirachta indica
0.5191217,0.0,Azadirachta indica
0.5507692,1.0,Azadirachta indica
0.48343006,0.0,Azadirachta indica
0.5540573,1.0,Azadirachta indica
0.5157152,0.0,Azadirachta indica
0.5170644,1.0,Azadirachta indica
0.51671535,1.0,Azadirachta indica
0.51323014,1.0,Azadirachta indica
0.52556187,0.0,Azadirachta indica
0.49429843,0.0,Azadirachta indica
0.5303105,0.0,Azadirachta indica
0.5197636,1.0,Azadirachta indica
0.51704204,0.0,Azadirachta indica
0.5127606,0.0,Azadirachta indica
0.51427704,0.0,Azadirachta indica
0.5251042,0.0,Azadirachta indica
0.50182736,1.0,Azadirachta indica
0.52362585,0.0,Azadirachta indica
0.55319774,0.0,Azadirachta indica
0.52024627,1.0,Azadirachta indica
0.541604,0.0,Azadirachta indica
0.54968613,0.0,Azadirachta indica
0.54381615,0.0,Azadirachta indica
0.506667,1.0,Azadirachta indica
0.50685716,0.0,Azadirachta indica
0.5146144,0.0,Azadirachta indica
0.53284305,0.0,Azadirachta indica
0.49628794,1.0,Azadirachta indica
0.5512993,0.0,Azadirachta indica
0.50055397,1.0,Azadirachta indica
0.5203971,0.0,Azadirachta indica
0.50661135,0.0,Azadirachta indica
0.5424723,0.0,Azadirachta indica
0.47390515,1.0,Azadirachta indica
0.5147962,0.0,Azadirachta indica
0.5544635,0.0,Azadirachta indica
0.50928897,0.0,Azadirachta indica
0.5040459,1.0,Azadirachta indica
0.50698346,0.0,Azadirachta indica
0.5203198,0.0,Azadirachta indica
0.5510773,0.0,Azadirachta indica
0.48047015,0.0,Azadirachta indica
0.5370008,0.0,Azadirachta indica
0.51055515,1.0,Azadirachta indica
0.5222606,1.0,Azadirachta indica
0.50944984,0.0,Azadirachta indica
0.524084,0.0,Azadirachta indica
0.5137276,0.0,Azadirachta indica
0.524392,0.0,Azadirachta indica
0.52037543,0.0,Azadirachta indica
0.53033817,0.0,Azadirachta indica
0.51713145,0.0,Azadirachta indica
0.5326166,1.0,Azadirachta indica
0.50945365,1.0,Azadirachta indica
0.52117884,0.0,Azadirachta indica
0.52537155,0.0,Azadirachta indica
0.52594656,0.0,Azadirachta indica
0.49253726,0.0,Azadirachta indica
0.51207143,0.0,Azadirachta indica
0.5486993,0.0,Azadirachta indica
0.52693385,0.0,Azadirachta indica
0.5142738,1.0,Azadirachta indica
0.5251487,0.0,Azadirachta indica
0.52371895,1.0,Azadirachta indica
0.52059424,0.0,Azadirachta indica
0.5091351,1.0,Azadirachta indica
0.5054125,1.0,Azadirachta indica
0.5189364,1.0,Azadirachta indica
0.5204771,0.0,Azadirachta indica
0.5177223,1.0,Azadirachta indica
0.52940947,0.0,Azadirachta indica
0.5237281,0.0,Azadirachta indica
0.50246704,0.0,Azadirachta indica
0.49269533,0.0,Azadirachta indica
0.5157041,1.0,Azadirachta indica
0.5089633,0.0,Azadirachta indica
0.49628523,0.0,Azadirachta indica
0.49772963,1.0,Azadirachta indica
0.51214373,0.0,Azadirachta indica
0.5722712,1.0,Azadirachta indica
0.5055203,0.0,Azadirachta indica
0.49159145,0.0,Azadirachta indica
0.5065541,1.0,Azadirachta indica
0.5397706,1.0,Azadirachta indica
0.50939107,0.0,Azadirachta indica
0.50698906,0.0,Azadirachta indica
0.5159383,1.0,Azadirachta indica
0.5129627,1.0,Azadirachta indica
0.5309104,0.0,Azadirachta indica
0.5373902,1.0,Azadirachta indica
0.5124642,0.0,Azadirachta indica
0.5457094,0.0,Azadirachta indica
0.5146665,0.0,Azadirachta indica
0.5154328,0.0,Azadirachta indica
0.50144297,1.0,Azadirachta indica
0.5135802,0.0,Azadirachta indica
0.5299097,1.0,Azadirachta indica
0.5354232,1.0,Azadirachta indica
0.5356853,0.0,Azadirachta indica
0.51741356,0.0,Azadirachta indica
0.57657886,1.0,Azadirachta indica
0.50578547,0.0,Azadirachta indica
0.49234554,0.0,Azadirachta indica
0.50209993,0.0,Azadirachta indica
0.55691427,0.0,Azadirachta indica
0.5041564,0.0,Azadirachta indica
0.5288683,0.0,Azadirachta indica
0.5666402,0.0,Azadirachta indica
0.5220061,1.0,Azadirachta indica
0.5196964,0.0,Azadirachta indica
0.50655955,1.0,Azadirachta indica
0.5209604,0.0,Azadirachta indica
0.53410953,0.0,Azadirachta indica
0.49627912,1.0,Azadirachta indica
0.52071977,1.0,Azadirachta indica
0.5140926,0.0,Azadirachta indica
0.50441355,0.0,Azadirachta indica
0.51567054,0.0,Azadirachta indica
0.5247027,0.0,Azadirachta indica
